"Date","Price","Open","High","Low","Vol.","Change %"
"02/03/2023","54.99","52.44","56.75","52.02","4.66M","2.31%"
"02/02/2023","53.75","54.70","55.40","52.99","3.76M","0.58%"
"02/01/2023","53.44","51.75","53.83","51.00","3.21M","2.65%"
"01/31/2023","52.06","51.22","52.38","50.89","2.92M","2.84%"
"01/30/2023","50.62","51.60","52.31","50.51","3.67M","-3.42%"
"01/27/2023","52.41","52.68","53.62","52.09","2.97M","-0.23%"
"01/26/2023","52.53","52.63","53.47","51.10","3.50M","1.31%"
"01/25/2023","51.85","49.96","51.89","49.31","2.77M","1.49%"
"01/24/2023","51.09","50.58","52.48","50.23","3.39M","1.49%"
"01/23/2023","50.34","49.06","50.94","48.50","5.31M","5.93%"
"01/20/2023","47.52","45.82","47.61","45.45","2.67M","4.39%"
"01/19/2023","45.52","46.25","46.43","45.37","1.91M","-3.50%"
"01/18/2023","47.17","49.24","49.69","46.86","2.09M","-2.30%"
"01/17/2023","48.28","48.02","48.96","47.79","1.82M","-0.19%"
"01/13/2023","48.37","46.61","48.54","46.60","1.98M","2.46%"
"01/12/2023","47.21","46.25","47.48","45.31","2.71M","3.01%"
"01/11/2023","45.83","45.26","46.01","45.13","2.24M","1.17%"
"01/10/2023","45.30","42.85","45.33","42.78","2.32M","4.14%"
"01/09/2023","43.50","44.94","44.94","43.28","2.00M","-1.38%"
"01/06/2023","44.11","42.96","44.53","41.63","3.10M","3.86%"
"01/05/2023","42.47","44.92","45.18","42.45","3.25M","-6.43%"
"01/04/2023","45.39","43.25","45.46","42.78","2.75M","7.41%"
"01/03/2023","42.26","42.93","43.29","41.41","2.95M","1.59%"
"12/30/2022","41.60","40.48","41.74","40.16","2.08M","0.39%"
"12/29/2022","41.44","40.22","41.69","39.70","8.00M","3.63%"
"12/28/2022","39.99","41.52","41.93","39.89","2.94M","-4.22%"
"12/27/2022","41.75","42.79","43.22","41.73","2.79M","-3.11%"
"12/23/2022","43.09","42.45","43.15","42.00","1.94M","1.17%"
"12/22/2022","42.59","44.29","44.43","41.02","4.89M","-5.17%"
"12/21/2022","44.91","45.50","46.24","44.83","2.04M","-0.29%"
"12/20/2022","45.04","44.80","45.88","44.50","1.48M","0.00%"
"12/19/2022","45.04","47.21","47.23","44.74","4.80M","-4.70%"
"12/16/2022","47.26","47.29","47.98","46.66","3.66M","-2.11%"
"12/15/2022","48.28","48.68","48.96","47.29","4.19M","-2.84%"
"12/14/2022","49.69","50.57","51.32","49.22","3.25M","-5.44%"
"12/13/2022","52.55","54.29","55.51","51.87","3.94M","4.54%"
"12/12/2022","50.27","49.02","50.32","48.30","2.25M","1.88%"
"12/09/2022","49.34","49.72","50.28","49.22","2.47M","-1.83%"
"12/08/2022","50.26","50.38","50.66","49.13","1.92M","2.24%"
"12/07/2022","49.16","48.08","49.32","47.67","2.09M","0.92%"
"12/06/2022","48.71","50.12","50.19","47.85","2.10M","-2.17%"
"12/05/2022","49.79","51.36","51.60","49.72","2.18M","-3.09%"
"12/02/2022","51.38","50.39","51.71","49.74","2.92M","-0.89%"
"12/01/2022","51.84","51.05","52.63","50.93","2.55M","2.03%"
"11/30/2022","50.81","48.90","50.96","48.22","3.86M","3.97%"
"11/29/2022","48.87","48.93","49.62","48.63","1.91M","0.35%"
"11/28/2022","48.70","49.23","49.94","48.07","3.14M","-1.97%"
"11/25/2022","49.68","48.70","49.71","48.41","2.12M","1.08%"
"11/23/2022","49.15","49.00","49.44","48.45","7.03M","-0.06%"
"11/22/2022","49.18","48.71","49.40","48.00","3.93M","1.26%"
"11/21/2022","48.57","48.81","50.28","47.76","2.38M","-2.82%"
"11/18/2022","49.98","51.22","51.86","48.66","3.64M","0.44%"
"11/17/2022","49.76","48.97","49.92","47.88","3.40M","-1.91%"
"11/16/2022","50.73","53.27","53.28","50.64","3.23M","-6.57%"
"11/15/2022","54.30","53.09","54.93","52.72","3.99M","5.42%"
"11/14/2022","51.51","51.40","52.52","49.81","4.51M","-1.17%"
"11/11/2022","52.12","51.25","53.13","50.43","4.88M","2.96%"
"11/10/2022","50.62","46.24","51.13","46.24","7.36M","17.83%"
"11/09/2022","42.96","43.56","43.88","42.66","3.89M","-3.78%"
"11/08/2022","44.65","44.79","45.47","43.55","3.17M","1.32%"
"11/07/2022","44.07","42.91","44.33","41.60","3.47M","3.35%"
"11/04/2022","42.64","44.36","45.22","41.78","5.34M","-0.88%"
"11/03/2022","43.02","43.53","44.19","41.50","7.00M","-2.40%"
"11/02/2022","44.08","47.28","47.88","43.85","8.56M","-0.70%"
"11/01/2022","44.39","45.25","45.76","43.89","4.29M","1.51%"
"10/31/2022","43.73","44.56","44.92","43.22","4.44M","-0.84%"
"10/28/2022","44.10","41.33","44.13","40.76","4.45M","6.24%"
"10/27/2022","41.51","43.13","44.25","41.31","3.56M","-2.40%"
"10/26/2022","42.53","42.21","44.89","41.99","7.94M","0.09%"
"10/25/2022","42.49","41.41","43.30","41.36","5.72M","2.58%"
"10/24/2022","41.42","39.53","41.65","39.28","5.42M","4.57%"
"10/21/2022","39.61","37.08","39.80","36.52","5.35M","5.88%"
"10/20/2022","37.41","37.31","39.52","37.31","3.31M","0.27%"
"10/19/2022","37.31","38.01","38.88","36.78","3.30M","-3.99%"
"10/18/2022","38.86","39.54","40.00","38.26","5.27M","3.21%"
"10/17/2022","37.65","36.81","37.98","36.50","4.21M","6.57%"
"10/14/2022","35.33","36.86","37.55","35.10","3.31M","-2.81%"
"10/13/2022","36.35","34.35","36.60","32.70","5.18M","0.66%"
"10/12/2022","36.11","35.09","36.32","34.31","3.89M","2.61%"
"10/11/2022","35.19","35.34","36.05","33.84","4.47M","-0.54%"
"10/10/2022","35.38","37.33","37.52","35.13","6.45M","-5.10%"
"10/07/2022","37.28","37.44","38.14","36.70","3.48M","-3.47%"
"10/06/2022","38.62","38.54","39.85","37.91","3.59M","0.26%"
"10/05/2022","38.52","36.90","38.92","35.64","4.87M","1.24%"
"10/04/2022","38.05","35.72","38.86","35.69","7.41M","11.42%"
"10/03/2022","34.15","32.28","34.74","31.31","5.52M","5.86%"
"09/30/2022","32.26","31.79","33.35","31.38","6.05M","-0.49%"
"09/29/2022","32.42","33.77","33.77","31.45","5.69M","-6.03%"
"09/28/2022","34.50","32.92","34.83","32.60","5.37M","4.74%"
"09/27/2022","32.94","34.54","35.07","32.72","6.80M","-2.46%"
"09/26/2022","33.77","35.43","36.94","33.73","5.18M","-4.52%"
"09/23/2022","35.37","36.88","37.11","34.18","6.99M","-5.98%"
"09/22/2022","37.62","41.30","41.33","36.97","7.02M","-9.44%"
"09/21/2022","41.54","45.17","45.34","41.52","3.94M","-8.04%"
"09/20/2022","45.17","45.74","46.20","44.35","2.38M","-2.71%"
"09/19/2022","46.43","44.41","46.78","44.40","2.88M","2.99%"
"09/16/2022","45.08","45.31","46.13","44.41","3.71M","-3.37%"
"09/15/2022","46.65","46.04","48.78","45.92","3.20M","0.84%"
"09/14/2022","46.26","45.47","46.35","44.16","4.37M","1.49%"
"09/13/2022","45.58","46.95","47.85","45.51","4.84M","-8.62%"
"09/12/2022","49.88","48.97","49.93","48.69","2.47M","3.21%"
"09/09/2022","48.33","46.80","48.42","46.62","2.55M","4.66%"
"09/08/2022","46.18","44.51","46.22","43.88","2.33M","2.01%"
"09/07/2022","45.27","43.61","45.54","43.56","4.85M","3.83%"
"09/06/2022","43.60","43.28","43.72","41.20","3.03M","2.35%"
"09/02/2022","42.60","43.08","43.60","41.68","2.51M","0.24%"
"09/01/2022","42.50","42.06","42.60","40.70","3.62M","-1.44%"
"08/31/2022","43.12","43.85","44.59","42.87","2.53M","-0.21%"
"08/30/2022","43.21","44.76","45.41","42.45","2.46M","-2.11%"
"08/29/2022","44.14","43.49","44.76","43.47","1.59M","-0.38%"
"08/26/2022","44.31","46.88","47.28","44.30","2.34M","-5.42%"
"08/25/2022","46.85","46.38","47.53","46.05","1.50M","1.87%"
"08/24/2022","45.99","45.29","47.26","45.29","1.67M","0.70%"
"08/23/2022","45.67","45.16","46.49","44.91","2.03M","2.31%"
"08/22/2022","44.64","45.29","45.29","43.74","2.92M","-4.43%"
"08/19/2022","46.71","48.03","48.45","46.01","2.57M","-4.98%"
"08/18/2022","49.16","49.27","49.41","48.28","1.32M","-0.06%"
"08/17/2022","49.19","50.65","50.65","48.78","2.88M","-5.49%"
"08/16/2022","52.05","51.01","52.68","50.12","2.52M","1.24%"
"08/15/2022","51.41","50.86","51.87","50.54","2.17M","0.08%"
"08/12/2022","51.37","49.93","51.40","49.17","2.27M","4.14%"
"08/11/2022","49.33","49.61","50.62","48.53","2.43M","1.92%"
"08/10/2022","48.40","48.50","50.33","47.88","6.69M","4.99%"
"08/09/2022","46.10","48.50","48.52","46.02","3.18M","-5.98%"
"08/08/2022","49.03","48.41","51.60","48.33","3.46M","2.85%"
"08/05/2022","47.67","46.94","49.33","46.78","2.29M","-1.06%"
"08/04/2022","48.18","49.68","50.97","47.91","3.40M","-2.19%"
"08/03/2022","49.26","48.70","50.60","48.35","5.35M","0.18%"
"08/02/2022","49.17","45.60","49.27","45.17","5.70M","6.80%"
"08/01/2022","46.04","45.19","46.78","44.12","3.69M","0.77%"
"07/29/2022","45.69","44.43","45.86","43.47","2.85M","1.78%"
"07/28/2022","44.89","43.93","44.90","42.76","2.75M","2.33%"
"07/27/2022","43.87","41.89","44.01","41.56","3.51M","8.86%"
"07/26/2022","40.30","41.50","41.67","39.69","3.16M","-4.46%"
"07/25/2022","42.18","42.67","42.85","41.39","2.34M","-1.10%"
"07/22/2022","42.65","44.40","44.77","41.99","2.11M","-3.24%"
"07/21/2022","44.08","43.80","44.21","42.98","2.35M","-0.38%"
"07/20/2022","44.25","40.45","44.32","40.39","4.71M","5.89%"
"07/19/2022","41.79","39.57","42.22","39.45","4.17M","8.26%"
"07/18/2022","38.60","38.20","39.84","38.20","2.73M","2.52%"
"07/15/2022","37.65","35.93","38.08","35.38","4.74M","6.39%"
"07/14/2022","35.39","37.11","37.45","35.10","5.15M","-7.21%"
"07/13/2022","38.14","37.12","38.59","36.41","3.61M","-1.50%"
"07/12/2022","38.72","38.11","40.02","38.09","4.97M","1.33%"
"07/11/2022","38.21","38.85","39.08","36.96","3.52M","-3.49%"
"07/08/2022","39.59","41.01","41.15","39.30","3.33M","-4.67%"
"07/07/2022","41.53","41.19","42.12","40.83","2.47M","3.00%"
"07/06/2022","40.32","42.09","43.15","40.20","3.40M","-4.59%"
"07/05/2022","42.26","37.51","42.37","36.63","4.73M","9.68%"
"07/01/2022","38.53","38.30","38.95","37.37","6.30M","0.60%"
"06/30/2022","38.30","39.30","39.68","37.64","6.71M","-4.89%"
"06/29/2022","40.27","42.53","42.78","40.12","4.44M","-6.28%"
"06/28/2022","42.97","45.43","46.40","42.84","2.99M","-2.45%"
"06/27/2022","44.05","44.45","44.91","43.18","3.22M","-0.94%"
"06/24/2022","44.47","40.06","44.55","39.75","5.62M","12.53%"
"06/23/2022","39.52","40.28","40.72","37.64","5.47M","-1.10%"
"06/22/2022","39.96","39.11","40.81","38.85","3.69M","-0.37%"
"06/21/2022","40.11","41.05","42.14","40.03","4.19M","1.16%"
"06/17/2022","39.65","38.46","40.10","37.03","4.58M","5.26%"
"06/16/2022","37.67","40.20","40.47","37.03","4.36M","-8.99%"
"06/15/2022","41.39","39.97","42.42","39.65","4.84M","5.08%"
"06/14/2022","39.39","40.00","40.55","38.53","3.61M","-0.63%"
"06/13/2022","39.64","42.76","43.11","39.56","4.95M","-12.88%"
"06/10/2022","45.50","48.73","49.69","45.16","5.19M","-9.29%"
"06/09/2022","50.16","51.16","52.13","49.82","3.06M","-3.82%"
"06/08/2022","52.15","52.00","53.93","51.59","2.80M","-0.42%"
"06/07/2022","52.37","51.21","53.17","50.70","2.11M","0.06%"
"06/06/2022","52.34","51.50","52.64","51.08","2.96M","3.44%"
"06/03/2022","50.60","50.49","51.70","50.00","2.06M","-2.45%"
"06/02/2022","51.87","49.33","52.10","49.33","3.67M","4.66%"
"06/01/2022","49.56","50.49","51.36","48.21","2.54M","-1.22%"
"05/31/2022","50.17","51.21","51.89","49.76","3.85M","-2.77%"
"05/27/2022","51.60","51.45","52.83","50.45","3.95M","1.14%"
"05/26/2022","51.02","47.31","52.45","47.06","5.99M","9.96%"
"05/25/2022","46.40","42.91","46.89","42.71","5.44M","7.56%"
"05/24/2022","43.14","47.58","47.69","42.59","5.91M","-10.59%"
"05/23/2022","48.25","50.37","50.59","47.64","4.93M","-3.71%"
"05/20/2022","50.11","49.40","50.19","47.39","4.79M","3.04%"
"05/19/2022","48.63","47.24","50.24","46.65","5.41M","1.42%"
"05/18/2022","47.95","50.70","50.95","47.08","4.18M","-6.71%"
"05/17/2022","51.40","53.35","54.35","50.30","5.08M","-1.13%"
"05/16/2022","51.99","54.14","55.42","51.88","3.27M","-5.46%"
"05/13/2022","54.99","51.22","55.32","51.21","5.45M","10.36%"
"05/12/2022","49.83","47.90","51.38","46.08","5.33M","3.04%"
"05/11/2022","48.36","51.36","53.48","48.30","4.83M","-4.75%"
"05/10/2022","50.77","54.01","55.11","49.15","5.29M","-4.12%"
"05/09/2022","52.95","58.50","59.08","52.58","5.24M","-11.68%"
"05/06/2022","59.95","62.30","62.37","59.30","3.43M","-4.77%"
"05/05/2022","62.95","65.78","67.16","61.96","3.37M","-5.18%"
"05/04/2022","66.39","69.40","69.46","61.49","7.90M","-1.86%"
"05/03/2022","67.65","68.64","69.93","66.00","3.71M","-1.02%"
"05/02/2022","68.35","66.26","68.42","65.17","2.79M","3.12%"
"04/29/2022","66.28","67.35","70.23","66.10","2.44M","-1.65%"
"04/28/2022","67.39","64.47","68.02","63.78","3.22M","5.05%"
"04/27/2022","64.15","64.61","65.91","62.28","2.66M","-1.05%"
"04/26/2022","64.83","67.43","68.32","63.52","2.80M","-5.36%"
"04/25/2022","68.50","65.65","68.59","64.60","2.49M","2.85%"
"04/22/2022","66.60","67.75","69.00","65.11","2.46M","-2.22%"
"04/21/2022","68.11","73.43","73.95","67.91","3.62M","-5.01%"
"04/20/2022","71.70","72.00","73.49","71.41","2.06M","-0.07%"
"04/19/2022","71.75","68.39","73.35","68.23","2.77M","4.94%"
"04/18/2022","68.37","68.16","69.32","67.84","1.95M","-0.74%"
"04/14/2022","68.88","69.96","71.16","68.79","2.68M","-1.61%"
"04/13/2022","70.01","67.45","71.35","67.28","4.26M","4.46%"
"04/12/2022","67.02","69.55","71.01","66.81","2.88M","-2.27%"
"04/11/2022","68.58","68.24","71.10","67.85","2.20M","-0.58%"
"04/08/2022","68.98","69.96","70.93","67.67","3.03M","-2.24%"
"04/07/2022","70.56","71.52","72.56","67.67","3.90M","-2.01%"
"04/06/2022","72.01","75.55","75.78","71.25","3.29M","-6.67%"
"04/05/2022","77.16","80.14","80.99","76.56","1.59M","-4.37%"
"04/04/2022","80.69","77.30","80.89","76.81","2.21M","5.27%"
"04/01/2022","76.65","78.13","78.65","75.80","2.00M","-0.92%"
"03/31/2022","77.36","77.23","79.75","76.33","2.10M","-0.22%"
"03/30/2022","77.53","80.49","81.56","76.61","2.15M","-4.55%"
"03/29/2022","81.23","78.58","81.57","78.39","2.77M","5.66%"
"03/28/2022","76.88","77.60","78.50","75.50","1.82M","-0.67%"
"03/25/2022","77.40","79.15","79.15","77.04","1.17M","-2.01%"
"03/24/2022","78.99","77.10","79.01","75.42","2.07M","2.58%"
"03/23/2022","77.00","79.32","79.80","76.87","1.93M","-3.83%"
"03/22/2022","80.07","78.86","80.80","78.61","1.41M","2.01%"
"03/21/2022","78.49","79.78","80.15","76.44","2.34M","-2.89%"
"03/18/2022","80.83","79.25","80.89","78.56","2.80M","1.56%"
"03/17/2022","79.59","78.21","80.68","77.16","1.66M","0.32%"
"03/16/2022","79.34","76.94","79.56","75.83","2.52M","5.83%"
"03/15/2022","74.97","72.42","76.21","72.36","1.70M","4.17%"
"03/14/2022","71.97","74.69","77.10","70.56","2.91M","-3.80%"
"03/11/2022","74.81","78.44","78.87","74.32","1.49M","-3.42%"
"03/10/2022","77.46","75.71","78.39","75.18","1.72M","-0.17%"
"03/09/2022","77.59","74.26","80.41","74.25","4.00M","10.46%"
"03/08/2022","70.24","69.54","72.89","67.22","3.62M","0.86%"
"03/07/2022","69.64","78.80","78.92","69.58","6.06M","-11.62%"
"03/04/2022","78.80","82.39","82.90","76.19","3.42M","-5.30%"
"03/03/2022","83.21","86.52","87.29","82.81","3.84M","-3.42%"
"03/02/2022","86.16","83.49","87.43","83.00","3.08M","3.83%"
"03/01/2022","82.98","83.40","84.19","80.07","2.85M","-1.44%"
"02/28/2022","84.19","84.10","84.85","81.79","2.32M","-0.59%"
"02/25/2022","84.69","84.75","85.70","82.21","3.74M","0.05%"
"02/24/2022","84.65","74.97","85.07","74.31","4.93M","7.59%"
"02/23/2022","78.68","81.00","83.84","77.86","6.15M","2.76%"
"02/22/2022","76.57","77.70","78.17","74.21","4.37M","-3.42%"
"02/18/2022","79.28","80.32","82.68","78.60","3.18M","-3.22%"
"02/17/2022","81.92","84.50","84.93","81.59","1.78M","-4.10%"
"02/16/2022","85.42","83.53","86.17","82.97","1.71M","1.47%"
"02/15/2022","84.18","83.51","84.92","83.07","2.02M","3.63%"
"02/14/2022","81.23","83.18","84.80","80.66","2.55M","-3.00%"
"02/11/2022","83.74","86.44","88.30","82.71","2.66M","-3.18%"
"02/10/2022","86.49","85.55","89.80","84.89","2.97M","-0.44%"
"02/09/2022","86.87","83.73","86.95","83.36","3.04M","5.48%"
"02/08/2022","82.36","81.30","82.62","80.12","1.96M","1.99%"
"02/07/2022","80.75","79.91","81.98","78.73","2.13M","2.44%"
"02/04/2022","78.83","76.01","79.67","75.61","2.31M","3.23%"
"02/03/2022","76.36","76.42","78.98","75.37","3.69M","-1.47%"
"02/02/2022","77.50","80.77","81.23","77.22","2.78M","-4.08%"
"02/01/2022","80.80","76.18","80.84","75.75","3.64M","6.12%"
"01/31/2022","76.14","72.63","76.20","72.40","2.18M","4.34%"
"01/28/2022","72.97","70.59","73.68","68.80","4.22M","3.65%"
"01/27/2022","70.40","76.26","76.50","69.86","2.83M","-6.57%"
"01/26/2022","75.35","78.69","80.96","74.40","3.35M","-2.51%"
"01/25/2022","77.29","74.00","78.77","73.78","3.23M","1.75%"
"01/24/2022","75.96","70.29","76.10","68.00","5.56M","5.25%"
"01/21/2022","72.17","76.33","76.52","71.96","6.02M","-6.25%"
"01/20/2022","76.98","77.80","81.96","76.83","2.84M","-1.05%"
"01/19/2022","77.80","79.78","80.16","77.21","3.42M","-1.72%"
"01/18/2022","79.16","82.78","82.80","78.17","5.59M","-4.44%"
"01/14/2022","82.84","84.40","84.92","81.11","2.66M","-2.27%"
"01/13/2022","84.76","87.94","89.07","84.27","2.08M","-3.63%"
"01/12/2022","87.95","91.00","91.59","87.49","2.12M","-2.26%"
"01/11/2022","89.98","88.38","90.69","86.55","2.02M","1.90%"
"01/10/2022","88.30","89.36","89.39","85.44","2.17M","-1.52%"
"01/07/2022","89.66","86.66","90.55","86.66","2.37M","3.53%"
"01/06/2022","86.60","84.18","88.25","82.31","3.32M","2.91%"
"01/05/2022","84.15","90.24","90.79","83.52","3.71M","-6.45%"
"01/04/2022","89.95","95.02","96.10","89.00","2.78M","-3.77%"
"01/03/2022","93.47","93.49","97.39","93.16","2.04M","-0.06%"
"12/31/2021","93.53","92.96","94.16","92.11","1.05M","0.58%"
"12/30/2021","92.99","92.37","94.41","92.19","1.30M","0.66%"
"12/29/2021","92.38","92.04","93.57","91.39","1.32M","-0.43%"
"12/28/2021","92.78","93.42","94.89","92.55","935.01K","-1.46%"
"12/27/2021","94.15","94.03","94.49","92.08","970.47K","-0.64%"
"12/23/2021","94.76","94.86","95.50","93.73","1.46M","1.43%"
"12/22/2021","93.42","93.33","95.32","92.60","2.00M","-0.46%"
"12/21/2021","93.85","87.50","94.45","87.50","2.90M","8.75%"
"12/20/2021","86.30","85.57","87.26","84.11","1.93M","-1.83%"
"12/17/2021","87.91","84.50","89.15","83.66","3.11M","2.36%"
"12/16/2021","85.88","88.21","89.49","85.46","2.48M","-1.47%"
"12/15/2021","87.16","85.78","88.40","83.95","1.94M","1.16%"
"12/14/2021","86.16","83.88","87.05","83.65","1.76M","1.10%"
"12/13/2021","85.22","87.89","88.39","84.25","2.55M","-4.23%"
"12/10/2021","88.98","91.75","92.97","88.61","2.15M","-2.02%"
"12/09/2021","90.81","91.88","93.42","90.75","1.23M","-2.62%"
"12/08/2021","93.25","92.05","95.35","91.75","1.81M","3.18%"
"12/07/2021","90.38","95.35","96.87","89.52","3.38M","-1.80%"
"12/06/2021","92.04","87.26","94.12","84.77","2.84M","6.29%"
"12/03/2021","86.59","90.01","90.17","83.63","4.24M","-3.82%"
"12/02/2021","90.03","84.41","90.08","83.42","4.04M","8.38%"
"12/01/2021","83.07","91.97","92.77","82.95","4.15M","-7.77%"
"11/30/2021","90.07","92.10","92.88","87.17","4.47M","-3.65%"
"11/29/2021","93.48","92.20","94.02","90.47","3.42M","2.50%"
"11/26/2021","91.20","88.22","91.25","87.00","3.00M","-2.92%"
"11/24/2021","93.94","93.09","94.73","91.97","1.79M","0.00%"
"11/23/2021","93.94","95.15","95.87","92.72","1.80M","-0.46%"
"11/22/2021","94.37","95.52","96.60","92.41","2.21M","-1.08%"
"11/19/2021","95.40","94.85","97.22","93.88","2.66M","-0.72%"
"11/18/2021","96.09","100.42","101.44","95.32","2.83M","-4.58%"
"11/17/2021","100.70","102.00","102.92","99.50","1.80M","-2.41%"
"11/16/2021","103.19","103.21","104.19","99.25","2.17M","-0.04%"
"11/15/2021","103.23","106.45","106.69","102.91","1.82M","-2.61%"
"11/12/2021","106.00","104.05","106.33","103.64","2.33M","4.03%"
"11/11/2021","101.89","100.55","102.87","100.04","1.79M","1.91%"
"11/10/2021","99.98","102.84","104.50","99.09","2.36M","-3.00%"
"11/09/2021","103.07","105.40","106.47","102.31","2.23M","-2.12%"
"11/08/2021","105.30","107.51","109.69","104.59","2.31M","-1.11%"
"11/05/2021","106.48","106.58","108.84","105.01","2.87M","3.26%"
"11/04/2021","103.12","111.56","111.56","100.83","6.46M","-6.84%"
"11/03/2021","110.69","109.47","114.90","107.11","3.39M","-0.94%"
"11/02/2021","111.74","111.18","112.09","109.25","2.04M","-0.29%"
"11/01/2021","112.06","109.79","113.45","108.37","1.59M","2.38%"
"10/29/2021","109.46","110.39","112.19","108.11","1.79M","-1.29%"
"10/28/2021","110.89","110.95","111.71","109.08","1.08M","0.12%"
"10/27/2021","110.76","112.01","112.59","110.22","1.10M","-1.79%"
"10/26/2021","112.78","113.16","115.95","112.70","1.39M","0.75%"
"10/25/2021","111.94","111.50","113.33","111.20","1.05M","-0.10%"
"10/22/2021","112.05","113.19","113.82","111.17","928.13K","-1.11%"
"10/21/2021","113.31","112.33","114.84","112.33","956.80K","-0.19%"
"10/20/2021","113.53","113.47","114.95","111.30","1.17M","-0.35%"
"10/19/2021","113.93","114.09","115.88","113.10","1.25M","0.82%"
"10/18/2021","113.00","110.39","113.13","109.57","1.26M","2.07%"
"10/15/2021","110.71","116.08","116.75","110.34","2.51M","-3.33%"
"10/14/2021","114.52","115.83","117.25","113.42","2.36M","-0.38%"
"10/13/2021","114.96","116.26","116.55","113.96","1.56M","-1.79%"
"10/12/2021","117.06","115.18","118.94","115.18","1.97M","2.00%"
"10/11/2021","114.77","114.44","116.67","113.50","1.36M","0.71%"
"10/08/2021","113.96","116.50","117.54","113.77","985.97K","-1.89%"
"10/07/2021","116.15","115.00","118.17","114.69","1.93M","1.58%"
"10/06/2021","114.34","113.01","116.09","112.43","1.92M","-0.37%"
"10/05/2021","114.76","118.72","119.59","114.59","2.50M","-2.84%"
"10/04/2021","118.11","119.16","119.39","116.60","2.66M","-1.15%"
"10/01/2021","119.49","114.84","119.81","114.52","2.72M","6.42%"
"09/30/2021","112.28","113.59","113.60","110.69","2.71M","-0.99%"
"09/29/2021","113.40","116.21","116.72","113.15","1.57M","-1.80%"
"09/28/2021","115.48","115.32","118.73","114.47","3.03M","-0.75%"
"09/27/2021","116.35","112.62","117.19","112.54","3.07M","3.56%"
"09/24/2021","112.35","110.92","113.63","110.80","1.43M","0.65%"
"09/23/2021","111.62","110.51","114.60","110.11","3.17M","1.56%"
"09/22/2021","109.91","105.73","111.63","105.66","2.63M","4.64%"
"09/21/2021","105.04","105.45","107.76","103.19","1.89M","0.28%"
"09/20/2021","104.75","103.24","106.39","102.33","2.65M","-1.24%"
"09/17/2021","106.07","108.98","112.18","105.32","5.78M","-2.30%"
"09/16/2021","108.57","107.52","109.50","106.79","1.58M","1.16%"
"09/15/2021","107.33","103.58","107.79","101.30","2.31M","4.13%"
"09/14/2021","103.07","102.62","104.13","101.20","1.40M","-1.22%"
"09/13/2021","104.34","105.55","105.97","100.82","1.63M","0.14%"
"09/10/2021","104.19","106.98","107.46","103.99","1.74M","-2.25%"
"09/09/2021","106.59","107.45","109.32","105.50","2.55M","0.66%"
"09/08/2021","105.89","106.80","107.68","103.33","1.73M","-1.11%"
"09/07/2021","107.08","104.00","107.78","103.02","2.54M","3.40%"
"09/03/2021","103.56","102.58","104.93","102.18","1.45M","0.06%"
"09/02/2021","103.50","102.62","105.03","101.25","1.66M","1.58%"
"09/01/2021","101.89","102.60","103.45","100.53","1.81M","0.26%"
"08/31/2021","101.63","102.48","103.50","99.73","2.19M","-0.48%"
"08/30/2021","102.12","103.96","104.59","101.49","1.91M","-2.03%"
"08/27/2021","104.24","100.09","109.00","100.00","3.56M","4.25%"
"08/26/2021","99.99","98.07","101.56","97.75","3.77M","2.34%"
"08/25/2021","97.70","94.00","98.03","93.56","2.55M","4.09%"
"08/24/2021","93.86","89.98","93.93","89.96","3.15M","5.13%"
"08/23/2021","89.28","86.50","89.40","86.30","2.70M","4.25%"
"08/20/2021","85.64","82.05","85.86","82.00","2.70M","3.84%"
"08/19/2021","82.47","83.82","84.41","80.37","3.14M","-2.99%"
"08/18/2021","85.01","83.89","86.20","82.81","2.40M","1.07%"
"08/17/2021","84.11","86.11","86.38","83.06","2.67M","-3.76%"
"08/16/2021","87.40","89.70","89.70","86.50","1.96M","-3.98%"
"08/13/2021","91.02","93.97","93.97","90.69","2.34M","-2.92%"
"08/12/2021","93.76","93.11","93.98","90.36","2.03M","0.87%"
"08/11/2021","92.95","90.10","93.26","89.33","2.82M","2.63%"
"08/10/2021","90.57","91.42","92.10","89.86","1.56M","-0.30%"
"08/09/2021","90.84","92.00","92.04","89.02","3.20M","0.38%"
"08/06/2021","90.50","91.00","92.23","89.55","3.15M","0.00%"
"08/05/2021","90.50","85.00","91.47","85.00","4.10M","6.48%"
"08/04/2021","84.99","87.30","88.82","84.64","4.89M","-2.06%"
"08/03/2021","86.78","86.81","87.29","83.00","4.02M","0.32%"
"08/02/2021","86.50","88.33","90.64","86.21","2.05M","-0.98%"
"07/30/2021","87.36","88.80","90.35","86.59","2.97M","-2.78%"
"07/29/2021","89.86","92.14","92.78","89.76","1.85M","-2.72%"
"07/28/2021","92.37","92.99","94.75","88.69","2.88M","-0.15%"
"07/27/2021","92.51","92.76","93.24","88.67","1.91M","-0.79%"
"07/26/2021","93.25","90.63","93.29","89.47","1.73M","3.26%"
"07/23/2021","90.31","93.57","93.73","90.18","1.62M","-2.39%"
"07/22/2021","92.52","93.69","94.38","91.68","1.57M","-1.56%"
"07/21/2021","93.99","92.51","96.11","92.06","2.39M","2.95%"
"07/20/2021","91.30","88.12","92.21","86.76","2.62M","4.02%"
"07/19/2021","87.77","86.72","89.97","85.37","3.45M","-2.37%"
"07/16/2021","89.90","95.53","95.68","89.59","2.34M","-4.84%"
"07/15/2021","94.47","93.44","95.50","92.38","1.85M","-0.05%"
"07/14/2021","94.52","98.07","99.02","94.14","2.22M","-2.33%"
"07/13/2021","96.77","96.92","97.85","96.05","1.96M","-1.61%"
"07/12/2021","98.35","97.25","98.98","96.20","1.48M","1.54%"
"07/09/2021","96.86","96.08","97.48","95.01","2.40M","2.43%"
"07/08/2021","94.56","92.43","96.24","92.01","2.43M","-1.04%"
"07/07/2021","95.55","98.29","98.94","94.44","3.17M","-2.95%"
"07/06/2021","98.45","101.96","102.21","96.92","3.18M","-3.87%"
"07/02/2021","102.41","103.60","103.89","101.72","1.29M","-0.48%"
"07/01/2021","102.90","104.98","105.99","102.75","1.90M","-0.82%"
"06/30/2021","103.75","100.92","104.03","99.83","2.25M","2.84%"
"06/29/2021","100.88","100.34","102.20","100.18","3.46M","0.34%"
"06/28/2021","100.54","102.03","102.24","98.45","2.74M","-1.85%"
"06/25/2021","102.43","104.71","105.02","100.26","27.15M","-2.20%"
"06/24/2021","104.73","104.67","106.31","104.26","2.07M","1.46%"
"06/23/2021","103.22","104.40","105.75","102.05","2.49M","-1.04%"
"06/22/2021","104.31","103.64","106.51","102.03","3.93M","0.47%"
"06/21/2021","103.82","101.83","103.96","99.78","3.15M","3.76%"
"06/18/2021","100.06","100.86","103.43","99.48","4.76M","-3.63%"
"06/17/2021","103.83","105.88","107.36","101.59","3.64M","-3.04%"
"06/16/2021","107.09","105.81","107.61","105.00","2.58M","0.55%"
"06/15/2021","106.50","105.70","107.80","104.99","2.22M","-0.11%"
"06/14/2021","106.62","109.50","110.47","106.26","2.51M","-3.35%"
"06/11/2021","110.31","111.19","112.19","110.01","1.54M","-0.98%"
"06/10/2021","111.40","110.84","112.86","109.04","2.37M","0.51%"
"06/09/2021","110.83","112.25","112.25","109.00","1.85M","-0.78%"
"06/08/2021","111.70","111.67","112.74","110.09","2.69M","0.99%"
"06/07/2021","110.60","112.19","113.46","109.46","2.79M","-0.04%"
"06/04/2021","110.64","109.99","111.32","109.06","2.82M","0.98%"
"06/03/2021","109.57","108.38","109.96","106.60","1.91M","-0.12%"
"06/02/2021","109.70","109.82","110.13","107.76","2.09M","0.14%"
"06/01/2021","109.55","107.68","110.48","107.33","2.36M","1.95%"
"05/28/2021","107.45","107.82","108.26","105.02","1.84M","-0.44%"
"05/27/2021","107.93","107.70","109.16","105.53","13.31M","1.25%"
"05/26/2021","106.60","108.20","109.19","106.25","2.72M","-0.43%"
"05/25/2021","107.06","106.10","107.74","104.64","4.33M","1.88%"
"05/24/2021","105.08","101.03","106.31","100.58","4.33M","4.86%"
"05/21/2021","100.21","101.28","102.41","99.78","2.38M","-0.38%"
"05/20/2021","100.59","97.12","101.09","95.96","3.41M","4.24%"
"05/19/2021","96.50","97.38","98.30","95.25","2.47M","-3.64%"
"05/18/2021","100.15","100.96","103.83","99.84","2.92M","-0.22%"
"05/17/2021","100.37","97.50","100.60","95.89","2.93M","1.78%"
"05/14/2021","98.61","95.08","100.04","95.08","2.59M","4.49%"
"05/13/2021","94.37","92.99","96.31","90.39","4.04M","2.12%"
"05/12/2021","92.41","99.50","102.18","91.75","4.39M","-8.30%"
"05/11/2021","100.77","100.31","103.45","97.50","3.81M","-3.74%"
"05/10/2021","104.68","106.50","106.77","103.26","2.67M","-1.01%"
"05/07/2021","105.75","101.94","105.88","101.47","2.95M","3.45%"
"05/06/2021","102.22","102.83","103.75","99.51","3.59M","-0.74%"
"05/05/2021","102.98","104.38","105.50","100.14","6.28M","7.80%"
"05/04/2021","95.53","94.83","95.80","90.90","4.57M","-1.42%"
"05/03/2021","96.91","98.68","98.96","96.44","1.97M","-0.95%"
"04/30/2021","97.84","98.19","99.55","96.60","1.77M","-1.64%"
"04/29/2021","99.47","102.43","103.10","98.00","2.78M","-3.05%"
"04/28/2021","102.60","102.95","104.43","101.60","5.49M","0.82%"
"04/27/2021","101.77","98.54","102.09","98.54","4.33M","4.94%"
"04/26/2021","96.98","96.80","98.27","95.53","1.62M","1.30%"
"04/23/2021","95.74","94.83","96.04","94.00","1.49M","1.72%"
"04/22/2021","94.12","93.90","96.69","93.14","2.18M","-0.17%"
"04/21/2021","94.28","88.40","94.36","87.80","2.25M","4.90%"
"04/20/2021","89.88","90.50","92.00","86.00","3.41M","1.27%"
"04/19/2021","88.75","92.71","92.84","88.00","3.23M","-5.22%"
"04/16/2021","93.64","93.55","96.20","92.06","2.55M","0.52%"
"04/15/2021","93.16","93.50","93.65","91.64","1.80M","-0.12%"
"04/14/2021","93.27","95.51","97.90","92.76","1.87M","-2.57%"
"04/13/2021","95.73","94.28","95.78","90.50","2.42M","1.48%"
"04/12/2021","94.33","96.10","96.10","92.16","3.05M","-2.08%"
"04/09/2021","96.33","95.10","96.63","93.45","2.12M","0.19%"
"04/08/2021","96.15","92.79","97.65","91.57","3.61M","3.84%"
"04/07/2021","92.59","92.71","94.05","91.63","2.02M","0.10%"
"04/06/2021","92.50","90.91","94.60","90.45","2.66M","2.57%"
"04/05/2021","90.18","92.41","93.55","90.08","3.25M","1.39%"
"04/01/2021","88.94","88.54","89.55","86.41","2.79M","1.70%"
"03/31/2021","87.45","87.52","88.83","85.98","2.40M","0.37%"
"03/30/2021","87.13","82.28","87.58","81.76","3.32M","5.69%"
"03/29/2021","82.44","85.47","87.20","82.05","2.35M","-5.82%"
"03/26/2021","87.53","88.01","88.81","84.11","2.55M","0.68%"
"03/25/2021","86.94","80.20","87.58","80.01","4.45M","4.87%"
"03/24/2021","82.90","85.68","88.31","82.71","3.47M","-2.00%"
"03/23/2021","84.59","87.16","88.32","83.90","4.60M","-4.39%"
"03/22/2021","88.47","88.93","89.82","86.08","5.29M","-0.95%"
"03/19/2021","89.32","91.50","92.19","88.98","45.67M","-1.41%"
"03/18/2021","90.60","95.07","95.30","90.48","4.85M","-5.66%"
"03/17/2021","96.04","94.40","96.48","92.53","4.05M","0.25%"
"03/16/2021","95.80","101.40","101.40","93.59","4.95M","-5.34%"
"03/15/2021","101.20","104.28","106.00","99.30","4.26M","0.58%"
"03/12/2021","100.62","100.00","101.84","99.04","1.45M","-0.13%"
"03/11/2021","100.75","99.12","103.61","98.75","2.99M","2.40%"
"03/10/2021","98.39","94.05","98.84","93.67","2.89M","4.92%"
"03/09/2021","93.78","97.91","97.91","93.28","2.36M","-1.36%"
"03/08/2021","95.07","94.56","97.44","93.44","2.04M","1.89%"
"03/05/2021","93.31","91.82","93.84","83.92","3.14M","2.74%"
"03/04/2021","90.82","96.00","96.00","86.83","3.28M","-4.96%"
"03/03/2021","95.56","95.41","98.15","93.71","3.24M","2.77%"
"03/02/2021","92.98","93.57","95.00","92.51","1.60M","-1.15%"
"03/01/2021","94.06","96.00","96.83","93.17","2.80M","0.66%"
"02/26/2021","93.44","90.74","94.43","88.07","5.54M","9.75%"
"02/25/2021","85.14","89.55","90.04","84.40","2.52M","-5.20%"
"02/24/2021","89.81","86.83","89.99","84.16","2.07M","4.71%"
"02/23/2021","85.77","83.60","86.81","81.80","2.18M","1.25%"
"02/22/2021","84.71","83.40","89.04","83.07","2.36M","1.86%"
"02/19/2021","83.16","79.87","83.87","79.39","2.03M","4.91%"
"02/18/2021","79.27","77.19","80.04","77.19","941.33K","0.84%"
"02/17/2021","78.61","77.23","79.24","75.45","1.93M","0.34%"
"02/16/2021","78.34","80.95","81.00","78.29","1.49M","-2.37%"
"02/12/2021","80.24","77.79","80.73","77.63","1.96M","2.26%"
"02/11/2021","78.47","79.70","80.13","77.05","1.27M","-1.43%"
"02/10/2021","79.61","81.85","82.09","79.35","1.39M","-2.40%"
"02/09/2021","81.57","82.12","83.93","80.62","1.05M","-1.54%"
"02/08/2021","82.85","83.96","83.96","80.23","1.29M","-0.04%"
"02/05/2021","82.88","81.02","83.97","80.37","2.47M","4.28%"
"02/04/2021","79.48","78.00","80.15","77.39","1.60M","3.56%"
"02/03/2021","76.75","76.01","78.45","74.78","1.59M","0.99%"
"02/02/2021","76.00","72.42","76.36","72.03","1.74M","7.34%"
"02/01/2021","70.80","70.67","72.25","69.90","1.97M","0.58%"
"01/29/2021","70.39","73.04","73.50","68.77","2.60M","-4.54%"
"01/28/2021","73.74","68.07","74.83","68.06","3.37M","10.27%"
"01/27/2021","66.87","71.48","72.11","66.62","4.59M","-10.07%"
"01/26/2021","74.36","78.84","80.61","74.17","2.14M","-5.15%"
"01/25/2021","78.40","78.88","79.08","76.00","1.92M","-1.42%"
"01/22/2021","79.53","79.75","81.57","78.68","1.80M","-1.47%"
"01/21/2021","80.72","80.22","81.43","78.34","1.98M","0.84%"
"01/20/2021","80.05","80.40","82.34","79.63","2.29M","-0.77%"
"01/19/2021","80.67","80.18","82.06","79.05","3.72M","0.84%"
"01/15/2021","80.00","77.30","80.10","76.22","2.90M","2.35%"
"01/14/2021","78.16","77.54","79.38","77.53","2.03M","2.14%"
"01/13/2021","76.52","78.80","78.80","76.22","2.05M","-3.24%"
"01/12/2021","79.08","78.80","80.69","77.61","1.83M","1.03%"
"01/11/2021","78.27","77.28","79.65","76.82","1.45M","-0.67%"
"01/08/2021","78.80","77.85","79.50","77.45","3.31M","0.95%"
"01/07/2021","78.06","77.33","79.95","76.60","3.03M","2.39%"
"01/06/2021","76.24","75.96","78.00","74.65","3.33M","1.97%"
"01/05/2021","74.77","71.76","75.46","71.56","1.75M","4.43%"
"01/04/2021","71.60","74.78","75.44","71.17","2.45M","-3.59%"
"12/31/2020","74.27","73.73","75.53","72.69","1.31M","0.79%"
"12/30/2020","73.69","73.38","74.23","72.42","1.20M","0.44%"
"12/29/2020","73.37","74.08","74.61","72.25","1.32M","-0.37%"
"12/28/2020","73.64","76.82","76.82","73.46","1.52M","-2.90%"
"12/24/2020","75.84","76.23","77.20","75.31","685.41K","-1.10%"
"12/23/2020","76.68","75.25","77.44","75.14","1.05M","3.19%"
"12/22/2020","74.31","73.89","74.68","71.57","1.48M","0.65%"
"12/21/2020","73.83","73.28","74.94","71.21","2.02M","-2.13%"
"12/18/2020","75.44","77.42","78.16","74.63","6.97M","-2.10%"
"12/17/2020","77.06","76.03","77.42","75.76","2.00M","1.61%"
"12/16/2020","75.84","74.63","76.28","73.88","1.66M","0.80%"
"12/15/2020","75.24","72.80","75.48","71.88","1.90M","4.78%"
"12/14/2020","71.81","71.68","73.08","70.94","1.95M","2.73%"
"12/11/2020","69.90","71.65","72.44","69.48","1.36M","-1.73%"
"12/10/2020","71.13","71.29","72.54","69.29","1.86M","-0.91%"
"12/09/2020","71.78","75.27","75.75","70.87","2.86M","-4.64%"
"12/08/2020","75.27","74.24","76.38","74.24","3.93M","0.55%"
"12/07/2020","74.86","73.69","74.94","73.33","1.83M","1.38%"
"12/04/2020","73.84","71.80","73.90","71.00","2.89M","3.81%"
"12/03/2020","71.13","69.23","71.70","68.32","2.80M","3.84%"
"12/02/2020","68.50","67.88","69.48","65.89","1.95M","0.97%"
"12/01/2020","67.84","69.79","69.85","67.10","2.24M","-0.41%"
"11/30/2020","68.12","69.69","69.76","66.72","2.02M","-2.82%"
"11/27/2020","70.10","69.72","71.02","69.28","1.24M","1.05%"
"11/25/2020","69.37","67.24","69.55","66.85","3.51M","-1.04%"
"11/24/2020","70.10","68.00","71.59","67.78","4.82M","4.78%"
"11/23/2020","66.90","64.74","67.15","63.12","3.53M","4.51%"
"11/20/2020","64.01","64.79","66.12","63.82","1.92M","-2.62%"
"11/19/2020","65.73","64.15","66.17","62.69","2.95M","3.03%"
"11/18/2020","63.80","64.33","66.13","63.16","3.75M","0.11%"
"11/17/2020","63.73","62.31","64.20","61.54","2.33M","0.85%"
"11/16/2020","63.19","63.77","63.77","61.02","3.73M","2.95%"
"11/13/2020","61.38","59.60","61.86","58.83","2.70M","6.23%"
"11/12/2020","57.78","58.29","60.92","57.15","2.89M","-2.02%"
"11/11/2020","58.97","60.40","60.63","56.76","3.88M","-2.17%"
"11/10/2020","60.28","62.74","64.65","60.19","5.71M","-4.44%"
"11/09/2020","63.08","66.23","74.60","60.79","8.33M","10.88%"
"11/06/2020","56.89","54.95","58.56","54.04","4.50M","1.35%"
"11/05/2020","56.13","53.48","56.36","53.48","5.01M","7.53%"
"11/04/2020","52.20","50.83","52.80","49.39","3.04M","4.17%"
"11/03/2020","50.11","47.52","50.67","47.27","3.26M","7.39%"
"11/02/2020","46.66","45.55","46.85","44.57","2.94M","4.11%"
"10/30/2020","44.82","45.49","46.35","43.07","3.46M","-2.78%"
"10/29/2020","46.10","45.99","47.35","45.30","3.48M","1.86%"
"10/28/2020","45.26","46.27","48.05","45.16","4.46M","-6.62%"
"10/27/2020","48.47","52.03","52.76","46.90","4.48M","-6.36%"
"10/26/2020","51.76","53.49","55.09","50.65","2.80M","-5.36%"
"10/23/2020","54.69","54.29","54.93","52.62","2.55M","1.03%"
"10/22/2020","54.13","53.23","54.25","52.32","1.86M","3.20%"
"10/21/2020","52.45","54.54","54.89","52.45","2.27M","-3.71%"
"10/20/2020","54.47","53.62","55.41","53.00","2.16M","1.97%"
"10/19/2020","53.42","54.80","55.33","53.27","2.03M","-2.82%"
"10/16/2020","54.97","56.33","56.50","54.43","2.53M","-1.13%"
"10/15/2020","55.60","54.19","55.79","53.75","2.35M","0.49%"
"10/14/2020","55.33","55.70","56.88","55.21","2.58M","-0.22%"
"10/13/2020","55.45","53.56","55.60","52.61","3.94M","2.78%"
"10/12/2020","53.95","53.00","54.06","52.40","2.61M","3.06%"
"10/09/2020","52.35","55.02","55.73","52.01","4.44M","-4.37%"
"10/08/2020","54.74","56.55","56.95","54.63","3.05M","-1.79%"
"10/07/2020","55.74","55.69","56.48","54.60","4.11M","1.35%"
"10/06/2020","55.00","57.40","57.70","54.87","5.77M","-3.63%"
"10/05/2020","57.07","57.71","58.00","55.15","4.14M","0.42%"
"10/02/2020","56.83","54.62","58.00","54.42","8.87M","-0.47%"
"10/01/2020","57.10","56.50","57.55","55.08","7.30M","1.86%"
"09/30/2020","56.06","55.96","57.96","54.67","22.25M","2.88%"
"09/29/2020","54.49","56.26","57.37","53.55","23.78M","-6.39%"
"09/28/2020","58.21","58.37","59.72","55.25","6.63M","2.00%"
"09/25/2020","57.07","54.85","57.61","54.26","4.52M","7.94%"
"09/24/2020","52.87","53.68","54.92","52.38","2.96M","-3.63%"
"09/23/2020","54.86","57.74","59.11","54.77","2.98M","-5.63%"
"09/22/2020","58.13","55.73","58.57","55.20","4.30M","6.80%"
"09/21/2020","54.43","53.22","54.80","51.56","4.61M","-3.15%"
"09/18/2020","56.20","56.02","56.80","54.57","4.20M","1.44%"
"09/17/2020","55.40","54.51","57.19","54.51","3.72M","-0.97%"
"09/16/2020","55.94","59.09","59.97","55.20","5.10M","-5.15%"
"09/15/2020","58.98","55.50","59.41","55.50","6.14M","6.48%"
"09/14/2020","55.39","50.60","56.07","50.60","9.93M","10.54%"
"09/11/2020","50.11","51.19","51.72","48.90","2.73M","-1.24%"
"09/10/2020","50.74","50.85","53.14","50.74","4.03M","0.91%"
"09/09/2020","50.28","50.41","50.93","48.35","2.36M","0.68%"
"09/08/2020","49.94","48.17","51.94","47.81","3.44M","0.26%"
"09/04/2020","49.81","48.07","50.25","46.06","3.67M","4.60%"
"09/03/2020","47.62","48.62","50.07","46.90","4.55M","-2.16%"
"09/02/2020","48.67","46.97","49.04","46.65","2.98M","3.86%"
"09/01/2020","46.86","45.85","48.00","45.40","3.98M","2.31%"
"08/31/2020","45.80","48.96","48.96","45.80","4.15M","-6.63%"
"08/28/2020","49.05","48.58","49.67","48.08","4.27M","3.79%"
"08/27/2020","47.26","46.23","47.97","45.95","3.74M","2.76%"
"08/26/2020","45.99","44.26","46.40","43.97","4.10M","4.86%"
"08/25/2020","43.86","44.75","45.27","43.55","2.96M","-1.92%"
"08/24/2020","44.72","45.12","46.06","44.07","4.12M","0.04%"
"08/21/2020","44.70","45.39","46.57","44.03","5.74M","-2.83%"
"08/20/2020","46.00","43.40","46.15","43.20","5.76M","4.43%"
"08/19/2020","44.05","42.75","44.66","42.75","6.34M","3.11%"
"08/18/2020","42.72","41.69","42.90","41.10","3.75M","2.79%"
"08/17/2020","41.56","41.39","42.32","40.01","5.54M","0.58%"
"08/14/2020","41.32","39.20","41.44","38.29","5.04M","4.71%"
"08/13/2020","39.46","37.59","41.00","37.59","7.06M","6.19%"
"08/12/2020","37.16","38.62","38.98","36.80","3.98M","-1.90%"
"08/11/2020","37.88","39.45","40.31","37.59","6.19M","-1.02%"
"08/10/2020","38.27","38.38","39.28","37.78","6.28M","3.24%"
"08/07/2020","37.07","37.80","38.89","36.13","6.73M","-1.80%"
"08/06/2020","37.75","35.41","38.46","35.40","6.89M","6.22%"
"08/05/2020","35.54","34.46","35.63","33.41","3.85M","4.75%"
"08/04/2020","33.93","32.26","34.17","32.26","3.41M","5.31%"
"08/03/2020","32.22","30.73","32.71","30.28","3.59M","3.77%"
"07/31/2020","31.05","33.40","33.64","30.80","5.60M","-6.95%"
"07/30/2020","33.37","32.45","34.33","32.37","3.93M","-0.45%"
"07/29/2020","33.52","31.93","33.53","31.30","7.01M","10.74%"
"07/28/2020","30.27","29.49","31.52","29.49","8.64M","1.78%"
"07/27/2020","29.74","32.50","32.66","29.06","15.88M","-11.88%"
"07/24/2020","33.75","36.20","36.20","33.62","9.19M","-7.74%"
"07/23/2020","36.58","37.47","38.15","34.77","26.82M","-4.34%"
"07/22/2020","38.24","37.59","38.38","37.07","11.09M","-0.42%"
"07/21/2020","38.40","38.86","39.49","37.70","8.00M","0.42%"
"07/20/2020","38.24","38.24","38.69","35.58","15.50M","0.63%"
"07/17/2020","38.00","39.50","39.60","37.90","18.39M","-6.79%"
"07/16/2020","40.77","41.25","41.55","40.50","8.69M","-3.00%"
"07/15/2020","42.03","42.50","42.65","40.87","10.82M","4.79%"
"07/14/2020","40.11","39.17","40.68","38.53","4.49M","2.85%"
"07/13/2020","39.00","40.63","41.82","38.77","6.14M","-2.86%"
"07/10/2020","40.15","40.39","41.00","39.40","5.23M","-1.95%"
"07/09/2020","40.95","40.50","41.64","38.56","5.04M","3.02%"
"07/08/2020","39.75","38.26","40.44","36.58","4.53M","4.52%"
"07/07/2020","38.03","38.82","39.76","34.67","8.58M","-3.79%"
"07/06/2020","39.53","42.11","42.73","39.05","4.51M","-4.05%"
"07/02/2020","41.20","42.47","43.07","40.24","4.85M","0.83%"
"07/01/2020","40.86","40.65","43.27","39.45","5.45M","2.00%"
"06/30/2020","40.06","39.04","40.42","38.30","4.07M","1.19%"
"06/29/2020","39.59","36.72","40.20","35.25","6.91M","9.52%"
"06/26/2020","36.15","38.40","40.00","35.28","12.52M","-6.35%"
"06/25/2020","38.60","40.03","41.46","37.03","8.96M","-6.22%"
"06/24/2020","41.16","42.61","43.38","40.25","11.24M","-6.44%"
"06/23/2020","43.99","42.23","44.57","41.93","6.73M","6.65%"
"06/22/2020","41.25","41.80","41.98","38.91","9.74M","-1.81%"
"06/19/2020","42.01","41.41","43.50","40.53","13.60M","3.04%"
"06/18/2020","40.77","42.01","42.75","40.66","7.63M","-5.47%"
"06/17/2020","43.13","41.91","44.95","41.09","20.33M","5.74%"
"06/16/2020","40.79","41.25","42.42","39.40","12.39M","6.11%"
"06/15/2020","38.44","34.00","39.21","33.65","6.24M","4.51%"
"06/12/2020","36.78","37.47","37.59","34.15","6.56M","10.60%"
"06/11/2020","33.26","35.00","37.18","33.00","10.49M","-16.57%"
"06/10/2020","39.86","41.42","42.17","35.81","10.57M","-6.28%"
"06/09/2020","42.53","42.79","44.19","41.68","5.17M","-5.09%"
"06/08/2020","44.81","45.09","45.93","44.14","7.28M","2.38%"
"06/05/2020","43.77","46.15","47.18","42.56","8.99M","1.93%"
"06/04/2020","42.94","41.42","43.84","38.62","10.12M","10.44%"
"06/03/2020","38.88","36.23","39.52","35.67","7.46M","9.55%"
"06/02/2020","35.49","36.84","37.19","34.61","5.80M","-1.66%"
"06/01/2020","36.09","35.69","37.49","35.51","6.84M","1.78%"
"05/29/2020","35.46","34.03","35.67","33.20","7.60M","2.01%"
"05/28/2020","34.76","36.00","37.53","34.31","7.59M","-4.56%"
"05/27/2020","36.42","35.78","36.68","33.26","9.41M","3.58%"
"05/26/2020","35.16","37.12","37.26","34.29","8.95M","4.83%"
"05/22/2020","33.54","32.28","34.64","30.92","9.69M","2.63%"
"05/21/2020","32.68","31.75","33.21","30.70","10.04M","4.58%"
"05/20/2020","31.25","30.55","32.00","29.79","10.32M","8.66%"
"05/19/2020","28.76","28.00","31.26","26.66","11.88M","3.45%"
"05/18/2020","27.80","25.46","28.24","25.46","10.43M","19.78%"
"05/15/2020","23.21","21.82","24.16","21.61","8.91M","4.88%"
"05/14/2020","22.13","19.80","22.65","19.00","9.43M","9.12%"
"05/13/2020","20.28","23.19","23.75","19.48","11.02M","-12.51%"
"05/12/2020","23.18","22.41","25.50","22.09","21.16M","12.42%"
"05/11/2020","20.62","20.25","20.99","19.64","5.82M","-2.23%"
"05/08/2020","21.09","19.95","21.45","19.56","6.16M","8.88%"
"05/07/2020","19.37","18.18","19.48","17.95","6.72M","7.08%"
"05/06/2020","18.09","18.50","18.97","18.01","4.23M","-1.52%"
"05/05/2020","18.37","19.52","19.78","18.03","4.87M","-2.96%"
"05/04/2020","18.93","17.86","19.55","16.91","5.75M","0.48%"
"05/01/2020","18.84","19.72","20.40","18.50","7.02M","-12.13%"
"04/30/2020","21.44","21.75","22.33","20.62","6.67M","-4.33%"
"04/29/2020","22.41","22.50","22.95","21.48","9.42M","6.06%"
"04/28/2020","21.13","23.14","24.31","19.55","11.73M","3.99%"
"04/27/2020","20.32","18.22","20.97","18.13","10.58M","14.03%"
"04/24/2020","17.82","16.50","18.31","15.90","15.63M","14.38%"
"04/23/2020","15.58","15.29","16.30","15.29","5.65M","3.80%"
"04/22/2020","15.01","15.76","15.90","14.83","4.04M","-1.70%"
"04/21/2020","15.27","15.51","16.18","14.87","4.62M","-4.98%"
"04/20/2020","16.07","15.99","17.29","15.60","5.44M","-3.77%"
"04/17/2020","16.70","16.80","17.42","16.20","7.15M","9.44%"
"04/16/2020","15.26","16.30","16.30","14.62","5.24M","-4.57%"
"04/15/2020","15.99","16.31","17.06","15.26","5.40M","-8.60%"
"04/14/2020","17.50","18.41","18.86","17.20","4.29M","2.37%"
"04/13/2020","17.09","18.25","18.40","15.65","5.85M","-5.63%"
"04/09/2020","18.11","19.60","20.60","16.71","10.12M","-0.22%"
"04/08/2020","18.15","16.20","18.35","15.61","10.23M","20.12%"
"04/07/2020","15.11","17.39","18.30","14.60","10.80M","7.70%"
"04/06/2020","14.03","11.42","14.50","11.36","11.32M","38.09%"
"04/03/2020","10.16","10.91","11.11","9.57","6.83M","-4.78%"
"04/02/2020","10.67","11.54","12.23","10.31","6.52M","-8.73%"
"04/01/2020","11.69","13.68","13.77","11.36","6.82M","-18.82%"
"03/31/2020","14.40","12.71","15.24","12.03","11.94M","19.50%"
"03/30/2020","12.05","13.60","13.69","10.01","12.05M","-20.41%"
"03/27/2020","15.14","16.00","16.58","14.27","4.23M","-9.83%"
"03/26/2020","16.79","17.00","19.86","16.05","7.00M","0.60%"
"03/25/2020","16.69","18.00","20.27","15.56","10.15M","10.90%"
"03/24/2020","15.05","13.88","15.67","12.49","9.51M","44.16%"
"03/23/2020","10.44","9.34","10.56","8.51","7.98M","18.37%"
"03/20/2020","8.82","8.51","12.00","8.50","12.71M","13.51%"
"03/19/2020","7.77","7.16","9.96","6.62","9.77M","9.44%"
"03/18/2020","7.10","8.67","8.67","6.02","10.97M","-29.63%"
"03/17/2020","10.09","14.80","15.64","9.76","12.17M","-26.78%"
"03/16/2020","13.78","14.38","15.93","13.71","7.25M","-24.37%"
"03/13/2020","18.22","18.82","19.80","15.01","7.94M","17.70%"
"03/12/2020","15.48","21.75","21.75","14.66","10.81M","-37.51%"
"03/11/2020","24.77","27.57","27.89","22.91","8.16M","-14.73%"
"03/10/2020","29.05","28.12","29.83","25.34","6.13M","9.87%"
"03/09/2020","26.44","28.99","30.80","25.39","7.61M","-21.43%"
"03/06/2020","33.65","33.17","36.47","31.81","7.15M","-3.14%"
"03/05/2020","34.74","39.78","40.20","34.27","7.63M","-15.52%"
"03/04/2020","41.12","42.66","43.17","40.04","6.89M","-1.27%"
"03/03/2020","41.65","45.98","48.59","41.59","4.28M","-8.32%"
"03/02/2020","45.43","50.15","50.20","42.26","7.78M","-9.47%"
"02/28/2020","50.18","48.45","50.64","46.70","5.14M","0.60%"
"02/27/2020","49.88","51.77","54.06","47.36","6.13M","-2.96%"
"02/26/2020","51.40","55.98","57.52","49.05","6.32M","-7.59%"
"02/25/2020","55.62","63.43","64.39","55.54","4.22M","-11.70%"
"02/24/2020","62.99","65.52","66.25","62.96","2.35M","-7.53%"
"02/21/2020","68.12","69.46","69.46","67.28","1.86M","-1.94%"
"02/20/2020","69.47","69.08","70.74","67.93","1.23M","0.03%"
"02/19/2020","69.45","69.41","70.11","69.22","1.16M","0.92%"
"02/18/2020","68.82","68.70","69.57","68.37","710.69K","-0.16%"
"02/14/2020","68.93","68.10","69.15","67.26","727.21K","1.35%"
"02/13/2020","68.01","65.89","68.07","65.51","1.18M","2.41%"
"02/12/2020","66.41","66.29","67.02","66.08","1.36M","1.39%"
"02/11/2020","65.50","64.75","65.83","64.42","1.25M","2.09%"
"02/10/2020","64.16","61.93","64.45","61.50","1.70M","2.99%"
"02/07/2020","62.30","63.03","63.17","61.95","1.46M","-2.06%"
"02/06/2020","63.61","63.97","64.32","63.28","1.12M","0.11%"
"02/05/2020","63.54","63.64","64.05","62.63","1.05M","1.34%"
"02/04/2020","62.70","62.28","63.02","61.53","1.31M","2.96%"
"02/03/2020","60.90","60.29","61.19","59.92","850.82K","1.87%"
"01/31/2020","59.78","60.64","61.01","59.24","1.38M","-1.76%"
"01/30/2020","60.85","59.90","61.55","59.61","853.59K","0.13%"
"01/29/2020","60.77","59.42","61.26","59.37","1.49M","2.79%"
"01/28/2020","59.12","58.48","59.96","57.83","1.00M","2.02%"
"01/27/2020","57.95","57.14","59.07","56.97","1.30M","-2.11%"
"01/24/2020","59.20","60.93","60.93","58.13","1.74M","-2.37%"
"01/23/2020","60.64","59.71","61.01","58.83","1.07M","0.60%"
"01/22/2020","60.28","59.97","60.65","59.74","1.36M","1.31%"
"01/21/2020","59.50","61.00","61.11","59.42","1.96M","-3.00%"
"01/17/2020","61.34","61.00","61.55","60.49","2.15M","1.30%"
"01/16/2020","60.55","59.30","60.77","59.22","1.67M","2.94%"
"01/15/2020","58.82","58.97","59.91","58.59","1.14M","-0.25%"
"01/14/2020","58.97","59.25","59.68","58.68","1.36M","-0.62%"
"01/13/2020","59.34","58.66","59.59","57.96","950.77K","1.52%"
"01/10/2020","58.45","59.41","59.43","58.20","1.43M","-1.42%"
"01/09/2020","59.29","59.96","60.26","59.22","1.47M","-0.40%"
"01/08/2020","59.53","59.53","59.86","58.45","1.28M","0.34%"
"01/07/2020","59.33","58.80","59.46","57.98","1.96M","0.90%"
"01/06/2020","58.80","57.41","58.92","57.00","1.62M","1.36%"
"01/03/2020","58.01","58.76","59.08","57.35","2.28M","-2.52%"
"01/02/2020","59.51","60.26","60.33","59.17","1.08M","-0.22%"
"12/31/2019","59.64","58.86","59.92","58.86","1.66M","1.07%"
"12/30/2019","59.01","59.27","59.54","58.30","2.19M","-0.25%"
"12/27/2019","59.16","59.27","59.50","58.38","395.01K","0.17%"
"12/26/2019","59.06","59.11","59.33","58.73","874.07K","-0.20%"
"12/24/2019","59.18","59.08","59.34","58.74","440.10K","0.15%"
"12/23/2019","59.09","57.88","59.09","57.64","953.06K","2.50%"
"12/20/2019","57.65","58.09","58.53","57.23","1.98M","-0.45%"
"12/19/2019","57.91","57.46","58.15","57.22","694.24K","1.17%"
"12/18/2019","57.24","56.91","57.57","56.53","856.65K","0.79%"
"12/17/2019","56.79","55.61","56.86","55.36","1.62M","1.96%"
"12/16/2019","55.70","55.37","56.09","55.08","2.37M","1.48%"
"12/13/2019","54.89","54.63","55.76","54.15","800.08K","0.07%"
"12/12/2019","54.85","53.12","54.91","52.92","1.24M","3.80%"
"12/11/2019","52.84","52.93","53.75","52.45","902.54K","0.17%"
"12/10/2019","52.75","52.75","52.98","52.51","791.01K","-0.32%"
"12/09/2019","52.92","53.07","53.55","52.45","1.33M","-1.19%"
"12/06/2019","53.56","52.65","53.65","52.20","941.78K","3.21%"
"12/05/2019","51.89","52.97","52.97","51.71","1.14M","-1.54%"
"12/04/2019","52.70","52.84","52.96","52.40","1.33M","-0.02%"
"12/03/2019","52.71","52.00","52.81","51.39","1.25M","0.02%"
"12/02/2019","52.70","53.46","53.94","52.50","1.11M","-1.51%"
"11/29/2019","53.51","53.75","54.07","53.22","441.86K","-0.61%"
"11/27/2019","53.84","53.87","54.03","53.45","749.05K","0.30%"
"11/26/2019","53.68","54.01","54.33","53.58","1.45M","-0.76%"
"11/25/2019","54.09","53.30","54.44","53.30","1.06M","2.06%"
"11/22/2019","53.00","53.54","53.77","52.65","926.84K","-0.28%"
"11/21/2019","53.15","53.67","53.67","52.78","1.50M","-0.51%"
"11/20/2019","53.42","53.61","54.32","52.55","1.55M","-0.43%"
"11/19/2019","53.65","54.05","54.46","53.23","1.67M","0.47%"
"11/18/2019","53.40","52.30","53.51","52.30","1.36M","2.57%"
"11/15/2019","52.06","51.50","52.11","50.88","1.39M","1.74%"
"11/14/2019","51.17","50.80","51.62","50.64","989.28K","0.77%"
"11/13/2019","50.78","50.80","51.19","50.10","1.09M","-0.39%"
"11/12/2019","50.98","51.42","52.05","50.88","922.93K","-1.01%"
"11/11/2019","51.50","49.65","51.56","49.51","1.25M","2.84%"
"11/08/2019","50.08","50.48","51.17","49.70","1.72M","-0.69%"
"11/07/2019","50.43","47.50","50.49","47.00","3.56M","7.50%"
"11/06/2019","46.91","47.50","47.50","46.13","2.01M","1.62%"
"11/05/2019","46.16","47.09","47.14","46.07","1.41M","-1.45%"
"11/04/2019","46.84","46.45","47.06","46.10","1.98M","1.69%"
"11/01/2019","46.06","45.02","46.11","44.33","1.25M","2.88%"
"10/31/2019","44.77","44.50","44.84","43.40","1.96M","0.95%"
"10/30/2019","44.35","44.64","45.12","43.55","917.30K","-1.16%"
"10/29/2019","44.87","44.73","45.23","44.71","964.45K","-0.47%"
"10/28/2019","45.08","45.03","45.45","44.87","749.40K","0.11%"
"10/25/2019","45.03","44.22","45.26","44.03","2.04M","1.58%"
"10/24/2019","44.33","44.06","44.58","43.97","1.31M","0.98%"
"10/23/2019","43.90","43.49","43.94","42.76","1.30M","0.71%"
"10/22/2019","43.59","43.61","43.94","43.15","1.12M","0.44%"
"10/21/2019","43.40","43.45","43.54","42.58","847.41K","0.84%"
"10/18/2019","43.04","42.78","43.33","42.44","1.84M","0.33%"
"10/17/2019","42.90","43.13","43.18","42.53","1.33M","0.21%"
"10/16/2019","42.81","42.58","43.10","41.37","1.35M","-0.12%"
"10/15/2019","42.86","42.67","43.28","42.26","1.60M","1.16%"
"10/14/2019","42.37","42.18","42.55","41.50","842.08K","0.38%"
"10/11/2019","42.21","40.79","42.32","40.65","2.18M","5.37%"
"10/10/2019","40.06","39.27","40.31","38.83","1.53M","2.48%"
"10/09/2019","39.09","39.18","39.50","38.86","850.30K","0.31%"
"10/08/2019","38.97","39.10","39.85","38.64","3.47M","-2.13%"
"10/07/2019","39.82","38.82","40.07","37.95","1.12M","1.84%"
"10/04/2019","39.10","39.38","39.60","38.42","1.43M","-0.53%"
"10/03/2019","39.31","39.81","40.17","38.56","2.09M","-1.33%"
"10/02/2019","39.84","39.82","39.96","38.85","1.16M","-0.60%"
"10/01/2019","40.08","39.91","41.10","38.43","1.14M","0.53%"
"09/30/2019","39.87","38.59","40.10","38.18","1.73M","3.40%"
"09/27/2019","38.56","39.46","39.78","38.29","1.27M","-2.33%"
"09/26/2019","39.48","40.21","40.26","38.19","2.24M","-2.40%"
"09/25/2019","40.45","40.84","40.96","39.64","1.36M","-1.92%"
"09/24/2019","41.24","42.70","42.90","40.60","1.76M","-3.19%"
"09/23/2019","42.60","43.02","43.78","42.53","1.39M","-1.34%"
"09/20/2019","43.18","42.97","43.98","42.45","1.75M","0.44%"
"09/19/2019","42.99","43.52","43.73","42.80","1.32M","-0.74%"
"09/18/2019","43.31","42.80","43.65","42.70","1.07M","0.77%"
"09/17/2019","42.98","43.12","43.12","42.16","1.00M","-0.81%"
"09/16/2019","43.33","42.96","43.71","42.39","1.03M","0.18%"
"09/13/2019","43.25","43.03","43.94","42.55","1.17M","0.79%"
"09/12/2019","42.91","42.83","43.23","41.34","1.36M","0.73%"
"09/11/2019","42.60","40.91","43.58","40.83","3.33M","4.57%"
"09/10/2019","40.74","39.10","41.41","38.90","2.09M","3.17%"
"09/09/2019","39.49","39.05","39.59","39.05","1.87M","1.26%"
"09/06/2019","39.00","39.00","39.62","38.63","1.55M","-0.13%"
"09/05/2019","39.05","38.86","39.51","38.62","1.31M","2.63%"
"09/04/2019","38.05","36.84","38.07","36.07","3.24M","7.43%"
"09/03/2019","35.42","37.55","38.05","35.41","2.66M","-8.02%"
"08/30/2019","38.51","38.87","39.10","38.00","686.17K","-0.49%"
"08/29/2019","38.70","38.36","39.04","38.26","1.43M","1.57%"
"08/28/2019","38.10","37.30","38.67","36.20","1.01M","2.12%"
"08/27/2019","37.31","39.30","39.86","37.22","1.39M","-4.41%"
"08/26/2019","39.03","38.35","39.25","37.61","802.64K","3.04%"
"08/23/2019","37.88","39.59","39.91","37.86","1.91M","-5.39%"
"08/22/2019","40.04","40.86","41.34","39.99","671.92K","-1.43%"
"08/21/2019","40.62","40.48","41.05","39.94","920.15K","1.58%"
"08/20/2019","39.99","39.49","40.16","39.49","891.11K","0.65%"
"08/19/2019","39.73","41.12","41.16","39.69","967.35K","-0.75%"
"08/16/2019","40.03","39.62","40.22","39.27","1.01M","1.99%"
"08/15/2019","39.25","39.74","39.97","38.68","1.30M","-0.53%"
"08/14/2019","39.46","39.65","39.91","38.90","1.31M","-2.71%"
"08/13/2019","40.56","39.96","40.87","39.70","993.84K","3.28%"
"08/12/2019","39.27","40.01","40.26","39.23","1.52M","-2.75%"
"08/09/2019","40.38","40.42","41.13","40.25","883.92K","-1.01%"
"08/08/2019","40.79","41.00","42.07","39.99","1.62M","0.34%"
"08/07/2019","40.65","40.04","41.93","39.46","2.58M","0.49%"
"08/06/2019","40.45","41.12","42.40","39.60","3.59M","-3.02%"
"08/05/2019","41.71","42.12","42.40","40.97","2.68M","-3.29%"
"08/02/2019","43.13","43.61","43.83","42.22","1.25M","-1.98%"
"08/01/2019","44.00","45.15","46.31","43.71","1.79M","-2.48%"
"07/31/2019","45.12","46.96","47.10","44.33","2.96M","-3.40%"
"07/30/2019","46.71","44.85","46.88","44.50","1.71M","3.59%"
"07/29/2019","45.09","45.66","45.87","44.78","1.03M","-1.61%"
"07/26/2019","45.83","44.87","45.88","44.63","1.01M","3.13%"
"07/25/2019","44.44","45.07","45.87","44.33","759.89K","-2.11%"
"07/24/2019","45.40","43.66","45.47","43.41","1.32M","3.02%"
"07/23/2019","44.07","43.95","44.22","43.41","1.21M","0.82%"
"07/22/2019","43.71","44.44","44.99","43.50","1.26M","-1.82%"
"07/19/2019","44.52","45.36","45.69","44.39","1.73M","-2.11%"
"07/18/2019","45.48","45.56","46.11","45.15","1.50M","-0.55%"
"07/17/2019","45.73","46.57","46.76","45.56","1.28M","-1.78%"
"07/16/2019","46.56","45.58","46.72","45.51","1.33M","2.17%"
"07/15/2019","45.57","45.53","46.58","45.35","861.32K","0.02%"
"07/12/2019","45.56","45.64","45.99","44.87","1.91M","0.04%"
"07/11/2019","45.54","47.24","47.66","45.21","2.40M","-3.82%"
"07/10/2019","47.35","48.34","48.81","47.24","2.13M","-1.74%"
"07/09/2019","48.19","48.39","48.72","47.73","3.49M","-1.23%"
"07/08/2019","48.79","49.29","49.46","48.48","1.45M","-1.57%"
"07/05/2019","49.57","48.94","49.93","48.61","1.30M","1.12%"
"07/03/2019","49.02","48.81","49.12","48.36","1.04M","1.30%"
"07/02/2019","48.39","47.62","48.61","47.17","2.30M","1.57%"
"07/01/2019","47.64","47.29","48.02","46.84","4.20M","3.41%"
"06/28/2019","46.07","44.61","46.78","43.58","3.92M","3.02%"
"06/27/2019","44.72","43.88","45.07","43.85","4.09M","1.87%"
"06/26/2019","43.90","44.39","45.49","43.64","3.93M","0.21%"
"06/25/2019","43.81","45.77","45.77","43.04","8.50M","-4.28%"
"06/24/2019","45.77","46.51","47.66","43.90","19.36M","-10.64%"
"06/21/2019","51.22","52.00","52.44","50.96","1.19M","-2.85%"
"06/20/2019","52.72","54.21","54.99","52.10","720.26K","-1.03%"
"06/19/2019","53.27","53.22","53.50","52.61","490.62K","0.47%"
"06/18/2019","53.02","54.04","54.42","52.39","682.79K","-0.30%"
"06/17/2019","53.18","52.11","53.39","51.18","693.89K","2.86%"
"06/14/2019","51.70","51.89","52.47","51.63","655.58K","-1.22%"
"06/13/2019","52.34","52.00","52.94","51.81","588.40K","1.47%"
"06/12/2019","51.58","51.96","52.43","50.27","595.81K","-1.15%"
"06/11/2019","52.18","52.98","53.07","51.27","423.89K","0.02%"
"06/10/2019","52.17","52.25","53.21","51.87","796.45K","0.21%"
"06/07/2019","52.06","51.00","52.49","50.50","1.58M","4.58%"
"06/06/2019","49.78","49.43","49.84","48.44","451.95K","1.06%"
"06/05/2019","49.26","48.89","49.33","47.43","558.41K","2.31%"
"06/04/2019","48.15","46.84","48.24","46.08","870.29K","4.56%"
"06/03/2019","46.05","48.81","48.98","45.62","959.60K","-6.35%"
"05/31/2019","49.17","48.77","50.88","48.31","950.81K","-0.79%"
"05/30/2019","49.56","50.19","50.23","48.45","659.89K","-0.64%"
"05/29/2019","49.88","47.75","50.17","47.58","875.65K","3.79%"
"05/28/2019","48.06","48.37","48.92","47.70","506.06K","-0.10%"
"05/24/2019","48.11","49.01","49.57","48.02","362.06K","-0.99%"
"05/23/2019","48.59","47.67","48.88","47.35","495.62K","0.41%"
"05/22/2019","48.39","48.74","49.35","48.00","344.24K","-1.29%"
"05/21/2019","49.02","49.27","50.23","48.83","513.12K","-0.12%"
"05/20/2019","49.08","47.84","49.28","47.51","713.97K","1.28%"
"05/17/2019","48.46","48.19","49.47","48.14","589.59K","-0.49%"
"05/16/2019","48.70","48.22","49.64","48.22","449.06K","1.00%"
"05/15/2019","48.22","45.87","48.72","45.41","665.25K","3.83%"
"05/14/2019","46.44","46.41","46.81","45.83","485.98K","0.65%"
"05/13/2019","46.14","46.63","47.31","45.82","530.65K","-4.41%"
"05/10/2019","48.27","47.45","48.55","46.18","511.26K","0.96%"
"05/09/2019","47.81","46.57","48.10","45.63","578.99K","1.16%"
"05/08/2019","47.26","46.28","47.55","45.87","472.16K","1.74%"
"05/07/2019","46.45","47.70","48.00","45.70","865.21K","-4.03%"
"05/06/2019","48.40","48.21","49.09","47.76","1.51M","-2.52%"
"05/03/2019","49.65","50.01","50.07","47.21","1.12M","2.71%"
"05/02/2019","48.34","48.01","48.85","47.10","1.05M","1.07%"
"05/01/2019","47.83","49.77","49.86","47.73","806.69K","-3.12%"
"04/30/2019","49.37","50.45","50.50","48.81","564.67K","-2.41%"
"04/29/2019","50.59","50.86","51.67","50.57","700.02K","-0.77%"
"04/26/2019","50.98","49.97","51.14","49.50","339.39K","2.23%"
"04/25/2019","49.87","50.69","50.97","49.13","496.90K","-1.44%"
"04/24/2019","50.60","50.52","50.94","50.11","348.02K","-0.08%"
"04/23/2019","50.64","50.04","50.94","49.78","619.55K","1.63%"
"04/22/2019","49.83","49.62","50.13","49.28","383.31K","-0.46%"
"04/18/2019","50.06","49.88","50.42","49.01","874.56K","0.06%"
"04/17/2019","50.03","49.63","50.36","49.32","665.86K","0.91%"
"04/16/2019","49.58","48.90","49.73","48.25","636.93K","0.71%"
"04/15/2019","49.23","49.48","49.62","48.00","640.50K","-0.79%"
"04/12/2019","49.62","49.17","49.73","48.64","650.48K","1.33%"
"04/11/2019","48.97","48.55","49.50","48.27","557.17K","1.35%"
"04/10/2019","48.32","47.25","48.72","47.21","405.65K","2.39%"
"04/09/2019","47.19","47.98","48.01","46.96","438.05K","-2.08%"
"04/08/2019","48.19","48.54","48.71","47.73","505.02K","-0.86%"
"04/05/2019","48.61","48.05","48.99","48.05","431.02K","1.44%"
"04/04/2019","47.92","47.50","48.38","47.50","472.31K","0.69%"
"04/03/2019","47.59","48.40","48.60","47.51","400.14K","-0.58%"
"04/02/2019","47.87","48.43","48.79","47.33","826.60K","-1.46%"
"04/01/2019","48.58","47.22","48.73","46.96","919.07K","4.05%"
"03/29/2019","46.69","47.34","48.25","46.17","1.96M","-0.57%"
"03/28/2019","46.96","48.29","48.92","46.74","1.22M","-2.17%"
"03/27/2019","48.00","49.12","49.12","46.67","704.03K","-2.34%"
"03/26/2019","49.15","50.02","51.05","48.60","659.10K","-1.19%"
"03/25/2019","49.74","49.66","50.69","49.11","641.40K","0.16%"
"03/22/2019","49.66","49.95","50.15","48.49","1.03M","-0.82%"
"03/21/2019","50.07","48.08","50.56","47.81","1.07M","3.90%"
"03/20/2019","48.19","46.10","48.35","46.10","1.36M","4.40%"
"03/19/2019","46.16","45.63","46.83","45.50","749.67K","1.23%"
"03/18/2019","45.60","47.05","47.17","44.82","1.76M","-1.94%"
"03/15/2019","46.50","46.51","47.61","46.09","997.73K","0.24%"
"03/14/2019","46.39","46.48","46.49","45.11","595.36K","-0.11%"
"03/13/2019","46.44","46.92","47.59","46.41","634.01K","-0.56%"
"03/12/2019","46.70","47.61","47.86","46.66","493.54K","-2.12%"
"03/11/2019","47.71","45.86","47.83","45.86","762.97K","4.22%"
"03/08/2019","45.78","44.07","46.01","43.80","825.20K","2.83%"
"03/07/2019","44.52","44.86","44.86","43.76","739.01K","-1.07%"
"03/06/2019","45.00","46.01","46.51","44.89","610.47K","-2.09%"
"03/05/2019","45.96","46.90","46.93","45.50","776.33K","-1.73%"
"03/04/2019","46.77","48.02","48.40","46.32","711.60K","-2.48%"
"03/01/2019","47.96","48.41","48.83","46.87","794.10K","-0.52%"
"02/28/2019","48.21","45.96","50.97","45.96","2.77M","1.54%"
"02/27/2019","47.48","47.25","47.74","46.97","1.01M","0.04%"
"02/26/2019","47.46","47.94","48.22","47.26","875.09K","-1.31%"
"02/25/2019","48.09","48.94","49.24","48.04","634.92K","-1.17%"
"02/22/2019","48.66","47.30","48.71","47.30","518.85K","2.77%"
"02/21/2019","47.35","47.45","48.07","46.83","488.86K","-0.19%"
"02/20/2019","47.44","48.02","48.19","47.15","447.11K","-0.90%"
"02/19/2019","47.87","47.67","48.17","47.48","426.22K","0.40%"
"02/15/2019","47.68","47.74","48.54","47.18","680.50K","0.34%"
"02/14/2019","47.52","47.25","47.88","46.42","1.29M","-0.38%"
"02/13/2019","47.70","47.77","48.14","46.91","562.69K","0.59%"
"02/12/2019","47.42","46.90","47.50","46.57","499.87K","1.85%"
"02/11/2019","46.56","46.07","46.66","45.40","584.88K","1.57%"
"02/08/2019","45.84","46.14","46.77","44.89","550.64K","-1.33%"
"02/07/2019","46.46","46.40","46.86","45.47","682.97K","-1.00%"
"02/06/2019","46.93","46.71","47.28","46.37","405.82K","0.62%"
"02/05/2019","46.64","46.79","47.16","45.69","652.39K","-0.30%"
"02/04/2019","46.78","46.74","47.31","46.07","614.62K","0.86%"
"02/01/2019","46.38","46.66","47.28","45.84","802.78K","-0.51%"
"01/31/2019","46.62","44.97","46.68","44.73","1.07M","3.81%"
"01/30/2019","44.91","44.54","45.25","44.35","806.23K","1.81%"
"01/29/2019","44.11","44.67","44.98","44.07","482.28K","-1.01%"
"01/28/2019","44.56","43.90","45.00","43.37","845.94K","0.38%"
"01/25/2019","44.39","44.28","44.69","43.98","647.66K","1.51%"
"01/24/2019","43.73","43.41","44.69","43.37","770.39K","0.92%"
"01/23/2019","43.33","43.86","44.51","42.94","731.33K","-0.76%"
"01/22/2019","43.66","44.22","44.68","42.86","878.62K","-1.62%"
"01/18/2019","44.38","42.86","44.60","42.01","1.64M","3.35%"
"01/17/2019","42.94","42.25","43.30","41.27","997.26K","0.59%"
"01/16/2019","42.69","42.15","43.26","42.07","774.89K","1.55%"
"01/15/2019","42.04","42.07","42.33","41.20","1.00M","-0.05%"
"01/14/2019","42.06","42.52","42.83","41.78","611.08K","-1.84%"
"01/11/2019","42.85","42.42","43.34","41.89","1.06M","0.40%"
"01/10/2019","42.68","41.95","42.80","41.28","1.12M","1.26%"
"01/09/2019","42.15","42.38","42.73","41.11","1.58M","-0.07%"
"01/08/2019","42.18","41.27","42.20","40.57","855.93K","3.38%"
"01/07/2019","40.80","39.87","41.18","39.22","1.08M","3.42%"
"01/04/2019","39.45","38.28","39.58","36.87","1.07M","5.54%"
"01/03/2019","37.38","37.31","38.42","36.72","856.19K","-1.50%"
"01/02/2019","37.95","35.43","38.24","34.64","830.48K","4.81%"
"12/31/2018","36.21","36.08","36.70","34.76","813.83K","1.32%"
"12/28/2018","35.74","35.65","36.52","34.81","777.56K","0.85%"
"12/27/2018","35.44","33.71","35.45","33.26","686.16K","0.45%"
"12/26/2018","35.28","32.65","35.38","32.49","781.44K","9.23%"
"12/24/2018","32.30","32.75","33.34","31.86","711.76K","-3.67%"
"12/21/2018","33.53","34.63","35.45","33.36","2.17M","-2.90%"
"12/20/2018","34.53","35.16","35.95","33.94","1.80M","-1.60%"
"12/19/2018","35.09","38.15","39.03","34.92","1.30M","-5.32%"
"12/18/2018","37.06","37.57","38.55","36.59","907.83K","-0.05%"
"12/17/2018","37.08","36.44","38.20","35.11","1.14M","1.76%"
"12/14/2018","36.44","36.00","37.23","36.00","1.20M","-2.59%"
"12/13/2018","37.41","39.68","39.99","37.37","624.07K","-4.76%"
"12/12/2018","39.28","38.16","40.03","38.16","837.28K","4.55%"
"12/11/2018","37.57","39.47","39.92","37.54","766.85K","-2.42%"
"12/10/2018","38.50","38.22","39.47","37.49","819.84K","0.34%"
"12/07/2018","38.37","40.29","40.95","37.72","753.01K","-4.72%"
"12/06/2018","40.27","39.93","40.66","38.90","957.56K","-1.66%"
"12/04/2018","40.95","42.69","43.02","40.64","1.22M","-3.72%"
"12/03/2018","42.53","44.77","45.58","41.94","1.69M","-3.30%"
"11/30/2018","43.98","43.68","44.29","42.98","1.07M","0.16%"
"11/29/2018","43.91","42.78","43.97","41.87","1.36M","2.12%"
"11/28/2018","43.00","40.58","43.13","40.45","1.27M","6.70%"
"11/27/2018","40.30","39.26","40.39","38.97","989.02K","2.34%"
"11/26/2018","39.38","36.33","39.44","36.33","2.05M","9.85%"
"11/23/2018","35.85","35.25","36.86","35.25","258.61K","0.06%"
"11/21/2018","35.83","34.00","36.14","33.89","747.49K","6.89%"
"11/20/2018","33.52","34.80","34.80","32.92","1.62M","-5.92%"
"11/19/2018","35.63","37.43","37.50","35.15","1.04M","-4.63%"
"11/16/2018","37.36","37.72","38.05","36.68","1.20M","-0.51%"
"11/15/2018","37.55","35.70","37.78","35.51","1.36M","3.90%"
"11/14/2018","36.14","35.76","37.79","35.55","1.75M","3.26%"
"11/13/2018","35.00","33.21","35.93","33.21","2.87M","5.96%"
"11/12/2018","33.03","36.37","37.20","32.78","2.07M","-10.05%"
"11/09/2018","36.72","40.50","41.90","35.44","3.55M","-5.58%"
"11/08/2018","38.89","37.40","39.04","36.58","2.54M","2.88%"
"11/07/2018","37.80","37.35","38.40","36.03","1.01M","1.48%"
"11/06/2018","37.25","37.19","37.67","36.66","649.65K","0.68%"
"11/05/2018","37.00","38.54","38.55","36.50","1.02M","-3.97%"
"11/02/2018","38.53","38.45","39.68","37.45","1.15M","0.89%"
"11/01/2018","38.19","36.43","38.65","36.01","1.45M","4.63%"
"10/31/2018","36.50","35.57","37.29","35.41","2.00M","4.61%"
"10/30/2018","34.89","32.82","35.08","31.96","2.78M","6.31%"
"10/29/2018","32.82","36.65","37.11","32.49","3.33M","-10.11%"
"10/26/2018","36.51","38.65","39.02","36.29","2.07M","-7.26%"
"10/25/2018","39.37","38.21","39.60","37.94","2.15M","3.77%"
"10/24/2018","37.94","40.04","40.21","37.86","2.66M","-5.24%"
"10/23/2018","40.04","41.15","41.17","38.91","2.08M","-4.05%"
"10/22/2018","41.73","44.63","44.76","41.63","1.35M","-5.87%"
"10/19/2018","44.33","47.28","47.70","44.13","1.39M","-6.20%"
"10/18/2018","47.26","47.20","47.91","46.74","1.01M","-0.38%"
"10/17/2018","47.44","47.64","48.79","46.42","1.11M","-0.48%"
"10/16/2018","47.67","45.97","47.74","45.39","884.27K","4.31%"
"10/15/2018","45.70","45.62","46.33","44.76","396.43K","-0.09%"
"10/12/2018","45.74","46.46","46.66","44.44","714.42K","0.68%"
"10/11/2018","45.43","45.48","46.32","44.98","1.00M","-0.63%"
"10/10/2018","45.72","46.64","47.22","45.63","1.25M","-2.25%"
"10/09/2018","46.77","44.19","46.98","44.19","1.15M","4.77%"
"10/08/2018","44.64","44.41","44.69","43.19","1.94M","0.20%"
"10/05/2018","44.55","49.02","49.08","43.90","3.09M","-8.52%"
"10/04/2018","48.70","49.61","49.80","48.57","599.02K","-2.01%"
"10/03/2018","49.70","49.49","50.64","49.49","1.22M","0.40%"
"10/02/2018","49.50","48.99","49.99","48.68","2.04M","1.83%"
"10/01/2018","48.61","48.98","49.00","47.84","911.72K","0.02%"
"09/28/2018","48.60","48.40","49.05","47.75","793.07K","0.00%"
"09/27/2018","48.60","47.75","48.70","47.35","674.76K","1.46%"
"09/26/2018","47.90","48.05","48.65","47.65","536.25K","0.10%"
"09/25/2018","47.85","48.50","48.50","47.55","1.48M","-1.03%"
"09/24/2018","48.35","47.85","48.55","47.30","634.74K","0.31%"
"09/21/2018","48.20","48.40","48.65","47.65","1.41M","-0.52%"
"09/20/2018","48.45","47.65","48.50","47.25","687.54K","2.43%"
"09/19/2018","47.30","48.45","49.00","47.00","640.71K","-2.07%"
"09/18/2018","48.30","47.90","48.40","47.50","725.70K","0.94%"
"09/17/2018","47.85","48.80","49.25","47.50","806.83K","-2.05%"
"09/14/2018","48.85","49.15","49.85","47.95","1.39M","-0.31%"
"09/13/2018","49.00","48.05","49.60","48.05","799.65K","2.19%"
"09/12/2018","47.95","46.75","48.15","46.30","711.68K","2.68%"
"09/11/2018","46.70","45.95","46.80","45.20","971.94K","1.63%"
"09/10/2018","45.95","45.65","46.20","45.10","853.12K","1.32%"
"09/07/2018","45.35","45.30","46.17","44.95","1.20M","-0.98%"
"09/06/2018","45.80","47.80","47.80","45.70","1.06M","-3.27%"
"09/05/2018","47.35","46.80","47.95","46.35","1.51M","0.96%"
"09/04/2018","46.90","48.20","48.97","46.80","905.07K","-2.39%"
"08/31/2018","48.05","47.90","48.33","47.70","672.51K","0.10%"
"08/30/2018","48.00","49.00","49.00","47.78","676.15K","-1.94%"
"08/29/2018","48.95","48.45","49.00","47.70","423.28K","1.24%"
"08/28/2018","48.35","48.90","49.00","47.40","898.48K","-0.51%"
"08/27/2018","48.60","50.00","50.00","48.50","860.08K","-2.31%"
"08/24/2018","49.75","48.95","49.95","48.85","929.65K","2.05%"
"08/23/2018","48.75","49.00","49.40","48.58","681.32K","-0.41%"
"08/22/2018","48.95","47.25","49.20","47.25","1.46M","3.05%"
"08/21/2018","47.50","46.40","47.94","46.40","1.92M","2.37%"
"08/20/2018","46.40","46.15","46.60","45.33","1.38M","0.98%"
"08/17/2018","45.95","46.35","47.15","45.70","11.81M","-1.29%"
"08/16/2018","46.55","45.95","46.92","45.55","2.58M","1.86%"
"08/15/2018","45.70","45.70","46.00","43.40","5.27M","4.34%"
"08/14/2018","43.80","43.50","44.33","43.25","533.02K","1.15%"
"08/13/2018","43.30","43.25","44.00","42.55","504.39K","-0.46%"
"08/10/2018","43.50","43.20","44.25","43.10","435.70K","-0.11%"
"08/09/2018","43.55","43.05","44.05","42.90","633.30K","1.16%"
"08/08/2018","43.05","43.05","43.53","42.60","842.96K","1.29%"
"08/07/2018","42.50","42.40","43.00","41.95","556.92K","-0.12%"
"08/06/2018","42.55","44.00","44.05","42.35","682.55K","-2.63%"
"08/03/2018","43.70","43.00","45.10","42.50","1.36M","5.56%"
"08/02/2018","41.40","41.20","41.75","40.33","995.59K","-0.12%"
"08/01/2018","41.45","42.70","43.10","40.30","1.03M","-3.27%"
"07/31/2018","42.85","41.55","43.50","41.35","464.21K","3.00%"
"07/30/2018","41.60","41.45","42.20","40.90","669.84K","0.48%"
"07/27/2018","41.40","42.35","43.20","40.65","645.52K","-1.66%"
"07/26/2018","42.10","43.75","44.50","41.50","776.74K","-3.66%"
"07/25/2018","43.70","43.60","44.00","43.15","375.22K","0.34%"
"07/24/2018","43.55","44.90","45.20","42.58","553.04K","-2.35%"
"07/23/2018","44.60","44.55","44.65","43.75","583.85K","0.22%"
"07/20/2018","44.50","44.35","44.85","44.15","422.16K","0.23%"
"07/19/2018","44.40","43.75","44.50","43.25","398.88K","1.02%"
"07/18/2018","43.95","45.20","45.48","43.95","422.69K","-2.33%"
"07/17/2018","45.00","44.65","45.38","44.55","358.27K","0.33%"
"07/16/2018","44.85","46.50","46.50","44.40","775.31K","-3.03%"
"07/13/2018","46.25","45.45","46.85","45.10","2.00M","1.43%"
"07/12/2018","45.60","44.15","45.70","43.50","1.04M","4.11%"
"07/11/2018","43.80","42.65","44.70","42.55","1.20M","1.74%"
"07/10/2018","43.05","42.50","43.75","42.50","1.44M","1.06%"
"07/09/2018","42.60","41.85","43.00","41.70","972.35K","3.40%"
"07/06/2018","41.20","40.50","41.65","40.33","590.12K","2.49%"
"07/05/2018","40.20","39.65","40.35","39.35","699.87K","1.64%"
"07/03/2018","39.55","38.60","40.08","38.25","389.90K","2.46%"
"07/02/2018","38.60","39.10","39.40","38.20","1.20M","-1.28%"
"06/29/2018","39.10","39.65","40.50","38.85","1.15M","-1.88%"
"06/28/2018","39.85","39.40","40.05","38.65","815.28K","0.38%"
"06/27/2018","39.70","41.55","41.90","39.50","872.12K","-4.34%"
"06/26/2018","41.50","41.20","41.95","41.20","459.95K","284.26%"
"06/25/2018","10.80","11.15","11.25","10.65","22.73M","-4.42%"
"06/22/2018","11.30","11.40","11.52","11.12","36.98M","-0.44%"
"06/21/2018","11.35","11.40","11.60","11.20","8.13M","0.00%"
"06/20/2018","11.35","11.45","11.73","11.30","7.47M","-0.44%"
"06/19/2018","11.40","11.55","11.60","11.15","11.13M","-2.98%"
"06/18/2018","11.75","11.20","11.82","11.20","11.66M","3.52%"
"06/15/2018","11.35","11.50","11.55","11.30","15.44M","-2.16%"
"06/14/2018","11.60","11.65","11.70","11.35","13.88M","0.00%"
"06/13/2018","11.60","11.95","12.00","11.52","10.06M","-2.73%"
"06/12/2018","11.93","11.95","12.15","11.85","7.23M","-0.21%"
"06/11/2018","11.95","11.75","12.05","11.75","5.26M","1.70%"
"06/08/2018","11.75","12.00","12.13","11.70","6.74M","-2.08%"
"06/07/2018","12.00","12.20","12.30","11.95","9.04M","-1.23%"
"06/06/2018","12.15","11.60","12.20","11.60","11.58M","3.85%"
"06/05/2018","11.70","11.90","12.15","11.55","26.50M","-2.50%"
"06/04/2018","12.00","12.10","12.10","11.80","10.15M","0.00%"
"06/01/2018","12.00","12.45","12.55","11.90","11.53M","-1.23%"
"05/31/2018","12.15","12.35","12.48","11.95","13.80M","-1.62%"
"05/30/2018","12.35","12.30","12.70","12.30","7.89M","0.41%"
"05/29/2018","12.30","12.40","12.50","12.20","10.74M","-1.60%"
"05/25/2018","12.50","12.50","12.60","12.35","5.13M","-0.40%"
"05/24/2018","12.55","12.75","12.80","12.37","7.17M","0.80%"
"05/23/2018","12.45","12.60","12.75","12.25","10.06M","-1.97%"
"05/22/2018","12.70","12.95","12.95","12.60","8.95M","-1.17%"
"05/21/2018","12.85","12.90","13.05","12.70","12.96M","0.00%"
"05/18/2018","12.85","12.85","13.05","12.65","24.25M","-2.28%"
"05/17/2018","13.15","13.25","13.54","13.05","17.66M","-0.38%"
"05/16/2018","13.20","12.95","13.35","12.80","26.13M","3.94%"
"05/15/2018","12.70","12.70","12.95","12.60","16.48M","1.20%"
"05/14/2018","12.55","11.90","12.98","11.90","38.21M","5.46%"
"05/11/2018","11.90","12.15","12.23","11.82","5.57M","-1.65%"
"05/10/2018","12.10","11.95","12.25","11.85","14.54M","1.26%"
"05/09/2018","11.95","11.95","12.00","11.80","8.38M","1.27%"
"05/08/2018","11.80","12.00","12.10","11.80","6.99M","-2.07%"
"05/07/2018","12.05","11.90","12.20","11.80","7.28M","2.55%"
"05/04/2018","11.75","11.65","12.10","11.60","11.52M","0.43%"
"05/03/2018","11.70","12.40","12.40","11.25","32.35M","1.74%"
"05/02/2018","11.50","11.60","11.88","11.45","13.40M","-1.71%"
"05/01/2018","11.70","11.30","11.75","11.25","12.95M","3.08%"
"04/30/2018","11.35","11.25","11.50","11.18","6.51M","1.34%"
"04/27/2018","11.20","11.50","11.57","11.12","9.43M","-1.75%"
"04/26/2018","11.40","11.50","11.75","11.35","8.93M","-0.87%"
"04/25/2018","11.50","11.60","11.65","11.25","9.02M","0.00%"
"04/24/2018","11.50","11.70","11.80","11.30","6.81M","-0.86%"
"04/23/2018","11.60","11.50","11.85","11.45","6.71M","0.87%"
"04/20/2018","11.50","11.65","11.70","11.45","4.00M","-1.29%"
"04/19/2018","11.65","11.65","11.85","11.40","10.14M","-0.85%"
"04/18/2018","11.75","11.55","12.05","11.50","9.23M","1.73%"
"04/17/2018","11.55","11.45","11.75","11.40","10.30M","1.76%"
"04/16/2018","11.35","11.15","11.45","11.05","4.78M","3.18%"
"04/13/2018","11.00","11.40","11.48","10.95","7.33M","-2.65%"
"04/12/2018","11.30","10.95","11.40","10.90","17.22M","3.67%"
"04/11/2018","10.90","10.95","11.10","10.80","9.01M","-0.91%"
"04/10/2018","11.00","10.95","11.15","10.80","30.54M","2.80%"
"04/09/2018","10.70","11.00","11.13","10.70","9.55M","-2.73%"
"04/06/2018","11.00","11.40","11.48","10.80","11.49M","-4.35%"
"04/05/2018","11.50","11.20","11.50","11.10","48.92M","4.07%"
"04/04/2018","11.05","10.55","11.15","10.48","24.58M","3.76%"
"04/03/2018","10.65","10.80","10.95","10.50","14.34M","-1.39%"
"04/02/2018","10.80","11.05","11.40","10.75","14.82M","-4.00%"
"03/29/2018","11.25","10.90","11.55","10.75","17.35M","3.21%"
"03/28/2018","10.90","10.95","11.13","10.65","14.86M","-0.91%"
"03/27/2018","11.00","11.25","11.65","10.88","12.78M","-1.57%"
"03/26/2018","11.18","11.40","11.55","11.10","16.49M","-0.67%"
"03/23/2018","11.25","11.85","11.90","11.15","19.76M","-4.66%"
"03/22/2018","11.80","12.05","12.15","11.75","17.80M","-3.28%"
"03/21/2018","12.20","12.30","12.43","12.00","7.35M","0.41%"
"03/20/2018","12.15","12.30","12.55","12.07","9.66M","-1.22%"
"03/19/2018","12.30","12.70","12.75","12.00","17.05M","-3.53%"
"03/16/2018","12.75","12.50","12.85","12.50","10.83M","2.82%"
"03/15/2018","12.40","12.60","12.75","12.40","11.92M","-1.98%"
"03/14/2018","12.65","12.55","12.75","12.30","9.01M","1.61%"
"03/13/2018","12.45","12.60","12.70","12.32","12.00M","-1.19%"
"03/12/2018","12.60","12.70","12.77","12.48","11.25M","-0.79%"
"03/09/2018","12.70","12.60","12.75","12.45","15.27M","0.79%"
"03/08/2018","12.60","13.20","13.30","12.55","28.37M","0.80%"
"03/07/2018","12.50","12.30","12.75","12.30","12.58M","1.21%"
"03/06/2018","12.35","12.35","12.40","12.05","11.10M","0.82%"
"03/05/2018","12.25","12.30","12.45","12.15","5.41M","0.00%"
"03/02/2018","12.25","12.20","12.30","11.90","9.22M","-0.81%"
"03/01/2018","12.35","12.65","12.70","12.25","10.36M","-2.76%"
"02/28/2018","12.70","12.80","12.82","12.50","6.61M","-0.78%"
"02/27/2018","12.80","13.10","13.40","12.70","5.50M","-3.03%"
"02/26/2018","13.20","13.15","13.45","13.00","5.63M","0.76%"
"02/23/2018","13.10","13.10","13.20","12.98","4.19M","0.38%"
"02/22/2018","13.05","13.10","13.20","12.95","4.64M","0.38%"
"02/21/2018","13.00","13.20","13.45","13.00","7.20M","-1.14%"
"02/20/2018","13.15","13.10","13.40","13.00","3.84M","-0.38%"
"02/16/2018","13.20","13.15","13.40","12.95","3.37M","0.38%"
"02/15/2018","13.15","12.95","13.30","12.75","7.62M","2.73%"
"02/14/2018","12.80","12.15","12.90","12.13","5.93M","4.49%"
"02/13/2018","12.25","12.15","12.45","12.15","5.96M","-0.41%"
"02/12/2018","12.30","12.40","12.82","12.25","7.92M","-0.40%"
"02/09/2018","12.35","12.95","13.05","11.85","14.82M","-3.52%"
"02/08/2018","12.80","13.60","13.65","12.73","7.67M","-5.54%"
"02/07/2018","13.55","13.55","13.85","13.45","4.43M","0.37%"
"02/06/2018","13.50","13.00","13.68","12.90","7.14M","1.89%"
"02/05/2018","13.25","13.65","14.00","13.20","5.56M","-4.68%"
"02/02/2018","13.90","14.20","14.25","13.85","5.76M","-3.14%"
"02/01/2018","14.35","14.00","14.50","13.90","7.67M","2.87%"
"01/31/2018","13.95","13.90","14.10","13.70","4.90M","0.72%"
"01/30/2018","13.85","13.95","14.05","13.80","2.62M","-1.42%"
"01/29/2018","14.05","13.85","14.20","13.80","4.55M","0.72%"
"01/26/2018","13.95","13.85","14.05","13.70","4.73M","0.72%"
"01/25/2018","13.85","14.00","14.15","13.70","4.06M","-0.36%"
"01/24/2018","13.90","13.95","14.20","13.70","8.50M","0.00%"
"01/23/2018","13.90","13.90","14.00","13.75","2.85M","0.00%"
"01/22/2018","13.90","13.85","14.05","13.70","6.38M","1.09%"
"01/19/2018","13.75","14.00","14.00","13.75","8.52M","-1.43%"
"01/18/2018","13.95","13.50","14.18","13.40","25.01M","4.10%"
"01/17/2018","13.40","13.00","13.45","12.95","14.27M","3.08%"
"01/16/2018","13.00","13.05","13.20","12.90","6.89M","-0.38%"
"01/12/2018","13.05","13.20","13.20","12.93","3.37M","-0.76%"
"01/11/2018","13.15","13.00","13.18","12.90","12.93M","1.15%"
"01/10/2018","13.00","12.75","13.00","12.65","12.93M","1.96%"
"01/09/2018","12.75","12.80","12.85","12.63","5.20M","0.79%"
"01/08/2018","12.65","12.80","12.90","12.57","5.34M","-1.56%"
"01/05/2018","12.85","12.95","13.00","12.77","6.02M","-0.39%"
"01/04/2018","12.90","12.55","12.95","12.45","8.07M","3.41%"
"01/03/2018","12.48","12.40","12.55","12.35","7.38M","0.20%"
"01/02/2018","12.45","12.65","12.85","12.40","7.62M","-1.58%"
"12/29/2017","12.65","12.55","12.75","12.40","3.55M","0.80%"
"12/28/2017","12.55","12.55","12.73","12.45","4.87M","0.40%"
"12/27/2017","12.50","12.35","12.52","12.20","8.27M","1.21%"
"12/26/2017","12.35","12.50","12.60","12.35","4.47M","-1.59%"
"12/22/2017","12.55","12.70","12.75","12.45","6.07M","-1.57%"
"12/21/2017","12.75","12.70","12.85","12.65","4.23M","0.39%"
"12/20/2017","12.70","12.75","12.88","12.70","5.96M","0.00%"
"12/19/2017","12.70","12.65","12.80","12.55","8.73M","0.79%"
"12/18/2017","12.60","12.75","12.85","12.55","16.37M","0.40%"
"12/15/2017","12.55","12.70","12.80","12.55","20.56M","-0.40%"
"12/14/2017","12.60","12.60","12.75","12.45","11.58M","0.00%"
"12/13/2017","12.60","12.50","12.75","12.50","10.04M","0.80%"
"12/12/2017","12.50","12.85","12.95","12.50","8.66M","-1.96%"
"12/11/2017","12.75","12.60","12.85","12.60","5.94M","1.19%"
"12/08/2017","12.60","12.70","12.85","12.55","10.48M","0.40%"
"12/07/2017","12.55","12.55","12.65","12.45","7.88M","0.40%"
"12/06/2017","12.50","12.50","12.80","12.35","11.08M","-1.19%"
"12/05/2017","12.65","12.95","13.00","12.55","18.43M","-2.13%"
"12/04/2017","12.93","13.45","13.50","12.85","10.50M","-2.45%"
"12/01/2017","13.25","13.15","13.35","12.80","12.81M","0.00%"
"11/30/2017","13.25","13.25","13.35","13.00","12.76M","1.15%"
"11/29/2017","13.10","13.35","13.55","13.05","10.71M","-1.13%"
"11/28/2017","13.25","13.25","13.30","13.10","9.65M","0.76%"
"11/27/2017","13.15","13.40","13.43","13.05","6.50M","-1.87%"
"11/24/2017","13.40","13.15","13.43","13.07","2.76M","1.90%"
"11/22/2017","13.15","13.05","13.25","12.98","7.95M","0.77%"
"11/21/2017","13.05","13.00","13.10","12.73","9.87M","0.77%"
"11/20/2017","12.95","12.35","13.00","12.35","11.26M","5.07%"
"11/17/2017","12.32","12.70","12.70","12.20","11.95M","-3.33%"
"11/16/2017","12.75","12.90","13.00","12.70","5.32M","-0.78%"
"11/15/2017","12.85","12.30","13.05","12.20","16.88M","3.63%"
"11/14/2017","12.40","12.40","12.45","12.15","9.76M","0.00%"
"11/13/2017","12.40","12.45","12.60","12.35","6.93M","-0.80%"
"11/10/2017","12.50","12.65","12.85","12.45","9.67M","-1.57%"
"11/09/2017","12.70","12.90","12.98","12.65","10.57M","-2.68%"
"11/08/2017","13.05","12.85","13.05","12.65","9.33M","0.77%"
"11/07/2017","12.95","13.10","13.10","12.80","7.62M","-1.15%"
"11/06/2017","13.10","12.95","13.10","12.90","11.92M","1.16%"
"11/03/2017","12.95","12.95","13.15","12.82","6.33M","0.00%"
"11/02/2017","12.95","13.30","13.45","12.85","16.59M","0.00%"
"11/01/2017","12.95","13.00","13.15","12.80","15.69M","0.00%"
"10/31/2017","12.95","12.65","12.95","12.60","19.96M","2.78%"
"10/30/2017","12.60","12.50","12.70","12.50","8.96M","0.40%"
"10/27/2017","12.55","12.40","12.60","12.30","14.01M","2.03%"
"10/26/2017","12.30","12.25","12.55","12.05","14.99M","0.00%"
"10/25/2017","12.30","12.40","12.40","11.95","13.88M","-0.40%"
"10/24/2017","12.35","12.50","12.70","12.30","13.57M","-1.20%"
"10/23/2017","12.50","12.50","12.75","12.20","21.04M","2.46%"
"10/20/2017","12.20","12.10","12.27","12.00","8.66M","1.24%"
"10/19/2017","12.05","12.15","12.30","12.00","6.13M","-2.03%"
"10/18/2017","12.30","11.85","12.30","11.75","10.16M","3.36%"
"10/17/2017","11.90","11.75","12.10","11.65","11.13M","0.42%"
"10/16/2017","11.85","12.15","12.30","11.60","11.80M","-2.47%"
"10/13/2017","12.15","12.20","12.45","11.95","13.69M","-1.22%"
"10/12/2017","12.30","12.35","12.35","12.00","13.07M","0.41%"
"10/11/2017","12.25","12.45","12.45","11.90","25.95M","-0.81%"
"10/10/2017","12.35","12.65","12.80","12.30","15.76M","-2.37%"
"10/09/2017","12.65","12.80","12.88","12.50","5.80M","-1.17%"
"10/06/2017","12.80","13.15","13.20","12.55","12.04M","-2.29%"
"10/05/2017","13.10","13.35","13.50","13.05","5.30M","-2.24%"
"10/04/2017","13.40","13.05","13.55","13.05","3.72M","2.68%"
"10/03/2017","13.05","13.40","13.60","12.95","4.99M","-2.25%"
"10/02/2017","13.35","12.85","13.57","12.85","7.87M","0.00%"
"09/29/2017","13.35","13.25","13.45","12.95","11.93M","2.30%"
"09/28/2017","13.05","12.80","13.10","12.70","11.41M","2.76%"
"09/27/2017","12.70","12.45","12.77","12.45","6.35M","2.42%"
"09/26/2017","12.40","12.55","12.60","12.32","2.84M","-0.80%"
"09/25/2017","12.50","12.60","12.65","12.40","1.36M","-1.57%"
"09/22/2017","12.70","12.75","12.75","12.40","3.83M","-0.39%"
"09/21/2017","12.75","12.75","12.77","12.55","2.09M","0.79%"
"09/20/2017","12.65","12.35","12.70","12.30","3.08M","2.02%"
"09/19/2017","12.40","12.20","12.80","12.20","6.11M","1.22%"
"09/18/2017","12.25","12.05","12.45","12.00","3.05M","2.51%"
"09/15/2017","11.95","12.00","12.10","11.80","4.96M","0.84%"
"09/14/2017","11.85","11.65","11.85","11.55","1.65M","1.28%"
"09/13/2017","11.70","11.75","11.80","11.60","529.67K","0.00%"
"09/12/2017","11.70","11.75","11.75","11.60","479.06K","0.00%"
"09/11/2017","11.70","11.60","11.77","11.52","2.19M","1.74%"
"09/08/2017","11.50","11.60","11.75","11.45","2.39M","-1.29%"
"09/07/2017","11.65","11.55","11.75","11.55","1.46M","0.87%"
"09/06/2017","11.55","11.70","11.75","11.46","701.86K","-0.86%"
"09/05/2017","11.65","11.60","11.85","11.40","1.82M","-0.85%"
"09/01/2017","11.75","11.60","11.75","11.50","1.77M","1.29%"
"08/31/2017","11.60","11.25","11.70","11.25","1.38M","3.57%"
"08/30/2017","11.20","11.15","11.35","11.10","988.80K","0.45%"
"08/29/2017","11.15","11.25","11.40","11.05","2.30M","-1.33%"
"08/28/2017","11.30","11.30","11.45","11.30","1.85M","0.00%"
"08/25/2017","11.30","11.40","11.50","11.18","2.01M","0.00%"
"08/24/2017","11.30","11.20","11.70","10.95","4.58M","0.89%"
"08/23/2017","11.20","11.40","11.60","11.05","1.72M","-2.61%"
"08/22/2017","11.50","11.50","11.55","11.30","881.25K","0.00%"
"08/21/2017","11.50","11.35","11.70","11.20","2.76M","1.77%"
"08/18/2017","11.30","11.60","11.74","11.25","3.03M","-3.00%"
"08/17/2017","11.65","12.00","12.07","11.60","2.13M","-3.32%"
"08/16/2017","12.05","12.05","12.20","12.00","1.65M","0.00%"
"08/15/2017","12.05","12.10","12.18","11.95","855.83K","0.42%"
"08/14/2017","12.00","12.25","12.30","12.00","3.38M","-1.23%"
"08/11/2017","12.15","12.00","12.23","11.88","1.40M","1.67%"
"08/10/2017","11.95","11.95","12.00","11.75","1.56M","-0.21%"
"08/09/2017","11.98","11.95","12.13","11.85","1.03M","-0.62%"
"08/08/2017","12.05","12.05","12.40","11.95","1.53M","0.00%"
"08/07/2017","12.05","12.25","12.50","12.00","1.31M","-1.63%"
"08/04/2017","12.25","12.25","12.60","11.95","2.65M","0.41%"
"08/03/2017","12.20","12.20","12.27","12.05","2.52M","0.83%"
"08/02/2017","12.10","12.20","12.30","11.98","2.45M","-0.82%"
"08/01/2017","12.20","12.45","12.45","12.10","2.19M","-1.21%"
"07/31/2017","12.35","12.50","12.60","12.02","3.34M","-0.40%"
"07/28/2017","12.40","12.65","12.85","12.35","2.45M","-2.75%"
"07/27/2017","12.75","12.85","13.00","12.60","2.68M","-0.39%"
"07/26/2017","12.80","12.90","13.10","12.75","2.68M","-0.39%"
"07/25/2017","12.85","12.90","13.15","12.75","1.67M","-0.39%"
"07/24/2017","12.90","12.75","13.10","12.75","1.87M","1.57%"
"07/21/2017","12.70","12.90","13.02","12.70","1.54M","0.00%"
"07/20/2017","12.70","12.80","12.90","12.35","2.07M","-1.17%"
"07/19/2017","12.85","13.40","13.45","12.85","4.17M","-2.28%"
"07/18/2017","13.15","12.45","13.20","12.35","5.35M","5.20%"
"07/17/2017","12.50","12.55","12.55","12.25","958.31K","0.00%"
"07/14/2017","12.50","12.45","12.60","12.35","604.08K","0.00%"
"07/13/2017","12.50","12.40","12.55","12.20","1.12M","1.21%"
"07/12/2017","12.35","12.35","12.50","12.10","1.60M","0.82%"
"07/11/2017","12.25","12.25","12.40","12.05","1.15M","0.00%"
"07/10/2017","12.25","12.10","12.50","11.95","1.37M","1.24%"
"07/07/2017","12.10","11.90","12.20","11.85","697.58K","1.68%"
"07/06/2017","11.90","12.00","12.05","11.85","1.75M","-1.24%"
"07/05/2017","12.05","11.80","12.10","11.65","2.14M","1.26%"
"07/03/2017","11.90","12.10","12.10","11.80","860.02K","-0.83%"
"06/30/2017","12.00","12.25","12.35","11.95","1.46M","-2.04%"
"06/29/2017","12.25","12.55","12.60","11.95","2.70M","-2.39%"
"06/28/2017","12.55","12.40","12.55","12.20","1.70M","1.62%"
"06/27/2017","12.35","12.55","12.60","12.15","1.60M","-1.59%"
"06/26/2017","12.55","12.45","12.57","12.27","1.85M","0.80%"
"06/23/2017","12.45","12.60","12.65","12.35","3.05M","-0.80%"
"06/22/2017","12.55","12.30","12.60","12.30","2.87M","1.62%"
"06/21/2017","12.35","12.30","12.43","12.15","2.28M","0.82%"
"06/20/2017","12.25","12.60","12.65","12.15","1.30M","-2.39%"
"06/19/2017","12.55","12.35","12.60","12.25","1.25M","2.03%"
"06/16/2017","12.30","12.20","12.35","12.15","1.19M","0.41%"
"06/15/2017","12.25","12.45","12.65","12.15","1.60M","-3.16%"
"06/14/2017","12.65","12.80","12.90","12.45","2.62M","-0.78%"
"06/13/2017","12.75","12.45","12.80","12.40","1.94M","2.82%"
"06/12/2017","12.40","12.35","12.50","11.83","3.33M","-0.40%"
"06/09/2017","12.45","12.80","12.90","12.23","2.15M","-2.73%"
"06/08/2017","12.80","12.80","13.05","12.70","4.47M","0.39%"
"06/07/2017","12.75","12.40","12.80","12.23","2.30M","3.24%"
"06/06/2017","12.35","12.35","12.60","12.05","2.71M","-1.40%"
"06/05/2017","12.52","12.50","12.65","12.00","3.35M","0.60%"
"06/02/2017","12.45","11.70","12.45","11.55","7.24M","7.79%"
"06/01/2017","11.55","11.25","11.60","11.15","6.24M","5.48%"
"05/31/2017","10.95","11.05","11.20","10.93","1.04M","-1.35%"
"05/30/2017","11.10","11.30","11.30","11.10","1.17M","-2.20%"
"05/26/2017","11.35","11.20","11.35","11.05","1.56M","1.34%"
"05/25/2017","11.20","11.20","11.25","11.07","1.55M","0.45%"
"05/24/2017","11.15","11.10","11.20","11.00","1.97M","0.45%"
"05/23/2017","11.10","11.10","11.15","10.98","1.68M","0.45%"
"05/22/2017","11.05","10.85","11.20","10.80","2.14M","1.38%"
"05/19/2017","10.90","10.95","11.00","10.65","2.13M","0.00%"
"05/18/2017","10.90","10.95","11.25","10.80","2.04M","-0.91%"
"05/17/2017","11.00","11.20","11.35","10.90","2.91M","-2.65%"
"05/16/2017","11.30","11.40","11.40","11.20","1.33M","-0.44%"
"05/15/2017","11.35","11.15","11.40","11.15","2.99M","1.34%"
"05/12/2017","11.20","11.10","11.40","10.95","2.59M","1.36%"
"05/11/2017","11.05","10.75","11.05","10.60","5.08M","2.79%"
"05/10/2017","10.75","10.85","11.00","10.65","2.83M","-0.92%"
"05/09/2017","10.85","10.90","11.15","10.75","1.34M","-0.46%"
"05/08/2017","10.90","11.00","11.20","10.80","1.34M","-1.36%"
"05/05/2017","11.05","11.15","11.25","10.95","1.93M","-0.90%"
"05/04/2017","11.15","11.30","11.50","11.10","1.94M","-1.76%"
"05/03/2017","11.35","11.55","11.82","11.25","4.51M","-0.44%"
"05/02/2017","11.40","11.25","11.45","11.15","3.18M","1.79%"
"05/01/2017","11.20","11.20","11.45","11.10","2.14M","0.90%"
"04/28/2017","11.10","11.05","11.20","10.95","3.03M","1.37%"
"04/27/2017","10.95","10.50","11.02","10.35","3.89M","4.29%"
"04/26/2017","10.50","10.05","10.55","10.05","3.38M","5.00%"
"04/25/2017","10.00","10.00","10.20","9.95","3.33M","0.50%"
"04/24/2017","9.95","9.85","10.05","9.77","2.76M","2.58%"
"04/21/2017","9.70","9.60","9.80","9.55","2.14M","1.04%"
"04/20/2017","9.60","10.35","10.35","9.45","2.96M","0.52%"
"04/19/2017","9.55","9.65","9.70","9.50","363.75K","-1.04%"
"04/18/2017","9.65","9.55","9.65","9.50","169.25K","1.05%"
"04/17/2017","9.55","9.50","9.60","9.45","470.08K","0.53%"
"04/13/2017","9.50","9.55","9.75","9.50","438.33K","-0.52%"
"04/12/2017","9.55","9.80","9.85","9.50","531.03K","-2.55%"
"04/11/2017","9.80","9.75","9.90","9.60","605.14K","0.51%"
"04/10/2017","9.75","9.60","9.85","9.55","647.57K","1.04%"
"04/07/2017","9.65","9.55","9.70","9.55","735.33K","1.05%"
"04/06/2017","9.55","9.30","9.64","9.20","609.65K","1.60%"
"04/05/2017","9.40","9.40","9.55","9.30","1.45M","0.00%"
"04/04/2017","9.40","9.35","9.45","9.25","714.98K","0.00%"
"04/03/2017","9.40","9.50","9.70","9.35","949.96K","-1.57%"
"03/31/2017","9.55","9.50","9.70","9.30","1.13M","0.53%"
"03/30/2017","9.50","9.40","9.50","9.30","443.31K","1.06%"
"03/29/2017","9.40","9.25","9.55","9.25","684.12K","1.08%"
"03/28/2017","9.30","9.30","9.30","9.15","1.62M","0.54%"
"03/27/2017","9.25","9.05","9.45","9.00","778.84K","0.54%"
"03/24/2017","9.20","9.45","9.55","9.10","1.39M","-2.65%"
"03/23/2017","9.45","9.35","9.65","9.35","951.12K","1.07%"
"03/22/2017","9.35","9.45","9.60","9.27","586.02K","-1.06%"
"03/21/2017","9.45","9.50","9.65","9.35","1.02M","-0.53%"
"03/20/2017","9.50","9.40","9.68","9.30","477.19K","0.53%"
"03/17/2017","9.45","9.40","9.48","9.35","1.01M","0.00%"
"03/16/2017","9.45","9.45","9.60","9.30","665.04K","0.00%"
"03/15/2017","9.45","9.45","9.45","9.25","717.95K","0.00%"
"03/14/2017","9.45","9.35","9.57","9.20","809.48K","1.07%"
"03/13/2017","9.35","9.20","9.45","9.10","492.91K","2.19%"
"03/10/2017","9.15","9.45","9.50","9.10","559.77K","-2.14%"
"03/09/2017","9.35","9.50","9.65","9.30","415.26K","-1.58%"
"03/08/2017","9.50","9.60","9.75","9.40","830.76K","-1.55%"
"03/07/2017","9.65","9.70","9.80","9.55","1.10M","-0.52%"
"03/06/2017","9.70","9.55","9.75","9.55","609.41K","0.00%"
"03/03/2017","9.70","9.50","9.80","9.40","1.23M","1.57%"
"03/02/2017","9.55","10.10","10.10","9.45","752.48K","-1.55%"
"03/01/2017","9.70","9.50","10.50","9.50","2.03M","2.65%"
"02/28/2017","9.45","9.50","9.50","9.25","1.26M","0.00%"
"02/27/2017","9.45","9.15","9.50","9.00","1.53M","3.28%"
"02/24/2017","9.15","9.30","9.43","9.05","1.08M","-1.61%"
"02/23/2017","9.30","9.10","9.40","9.10","1.39M","2.76%"
"02/22/2017","9.05","9.05","9.15","9.05","898.05K","-0.55%"
"02/21/2017","9.10","9.15","9.18","9.05","671.50K","-1.09%"
"02/17/2017","9.20","9.10","9.40","9.10","834.78K","0.55%"
"02/16/2017","9.15","9.25","9.30","9.10","1.22M","-0.54%"
"02/15/2017","9.20","8.60","9.40","8.50","1.63M","4.55%"
"02/14/2017","8.80","8.75","8.85","8.65","721.18K","0.00%"
"02/13/2017","8.80","8.70","8.85","8.50","598.41K","1.73%"
"02/10/2017","8.65","8.85","8.90","8.55","470.33K","-1.70%"
"02/09/2017","8.80","8.70","8.80","8.60","500.70K","1.15%"
"02/08/2017","8.70","8.75","8.90","8.50","557.81K","-1.14%"
"02/07/2017","8.80","8.95","9.05","8.63","685.39K","-1.68%"
"02/06/2017","8.95","9.10","9.20","8.90","865.80K","-2.72%"
"02/03/2017","9.20","9.25","9.30","8.93","1.09M","0.00%"
"02/02/2017","9.20","9.05","9.27","9.00","652.93K","1.10%"
"02/01/2017","9.10","8.95","9.15","8.85","601.46K","1.68%"
"01/31/2017","8.95","8.85","8.95","8.75","694.04K","1.13%"
"01/30/2017","8.85","9.05","9.10","8.70","664.52K","-3.28%"
"01/27/2017","9.15","9.20","9.25","9.02","652.40K","0.00%"
"01/26/2017","9.15","9.10","9.25","9.00","458.03K","0.00%"
"01/25/2017","9.15","9.30","9.40","9.10","523.01K","-0.54%"
"01/24/2017","9.20","9.10","9.20","9.00","641.20K","1.10%"
"01/23/2017","9.10","8.95","9.10","8.95","342.86K","1.68%"
"01/20/2017","8.95","9.00","9.10","8.85","993.21K","0.00%"
"01/19/2017","8.95","8.80","9.00","8.70","854.56K","1.70%"
"01/18/2017","8.80","9.00","9.04","8.70","468.73K","-1.68%"
"01/17/2017","8.95","8.95","9.25","8.65","1.36M","0.00%"
"01/13/2017","8.95","8.70","9.25","8.65","2.65M","3.47%"
"01/12/2017","8.65","8.60","8.75","8.50","754.87K","0.00%"
"01/11/2017","8.65","8.65","8.75","8.60","508.79K","-1.70%"
"01/10/2017","8.80","9.15","9.15","8.75","1.96M","-3.83%"
"01/09/2017","9.15","8.85","9.20","8.80","1.01M","2.81%"
"01/06/2017","8.90","8.55","8.95","8.46","858.34K","4.09%"
"01/05/2017","8.55","8.40","8.68","8.32","1.26M","1.79%"
"01/04/2017","8.40","8.35","8.45","8.18","1.20M","1.20%"
"01/03/2017","8.30","8.55","8.60","8.20","785.59K","-2.35%"
"12/30/2016","8.50","8.30","8.50","8.15","1.10M","2.41%"
"12/29/2016","8.30","8.05","8.35","8.05","721.26K","3.11%"
"12/28/2016","8.05","8.15","8.25","7.90","825.62K","-1.83%"
"12/27/2016","8.20","7.80","8.20","7.80","1.24M","4.46%"
"12/23/2016","7.85","7.20","7.90","7.05","1.53M","9.79%"
"12/22/2016","7.15","7.45","7.50","7.15","667.89K","-4.03%"
"12/21/2016","7.45","7.45","7.55","7.32","964.91K","0.68%"
"12/20/2016","7.40","7.30","7.45","7.20","651.31K","1.37%"
"12/19/2016","7.30","7.55","7.60","7.25","986.35K","-2.67%"
"12/16/2016","7.50","7.60","7.72","7.20","1.64M","-1.32%"
"12/15/2016","7.60","8.05","8.25","7.57","886.76K","-5.59%"
"12/14/2016","8.05","8.20","8.25","8.00","599.34K","-2.42%"
"12/13/2016","8.25","8.25","8.35","8.20","410.32K","0.61%"
"12/12/2016","8.20","8.30","8.43","8.10","945.19K","-0.61%"
"12/09/2016","8.25","8.15","8.30","8.00","1.53M","1.85%"
"12/08/2016","8.10","8.30","8.30","7.85","1.67M","-1.22%"
"12/07/2016","8.20","8.25","8.35","8.00","1.56M","-0.61%"
"12/06/2016","8.25","8.15","8.30","7.85","2.12M","1.23%"
"12/05/2016","8.15","7.75","8.30","7.75","1.09M","4.49%"
"12/02/2016","7.80","7.55","7.82","7.54","722.24K","3.31%"
"12/01/2016","7.55","7.50","7.60","7.47","727.56K","0.67%"
"11/30/2016","7.50","7.45","7.60","7.28","1.24M","2.04%"
"11/29/2016","7.35","7.55","7.63","7.20","1.27M","-2.65%"
"11/28/2016","7.55","7.50","7.60","7.40","659.51K","0.00%"
"11/25/2016","7.55","7.35","7.55","7.35","321.42K","2.03%"
"11/23/2016","7.40","7.30","7.40","7.25","308.26K","0.68%"
"11/22/2016","7.35","7.20","7.35","7.20","368.82K","1.38%"
"11/21/2016","7.25","7.05","7.40","7.05","648.75K","2.11%"
"11/18/2016","7.10","6.95","7.15","6.95","485.71K","2.90%"
"11/17/2016","6.90","7.05","7.20","6.85","993.01K","-1.43%"
"11/16/2016","7.00","7.00","7.10","6.95","649.40K","0.00%"
"11/15/2016","7.00","7.20","7.20","7.00","622.14K","-2.10%"
"11/14/2016","7.15","7.40","7.40","7.10","625.23K","-1.38%"
"11/11/2016","7.25","7.15","7.30","7.05","771.52K","1.40%"
"11/10/2016","7.15","7.25","7.40","7.03","756.01K","-1.38%"
"11/09/2016","7.25","6.95","7.30","6.86","793.72K","4.32%"
"11/08/2016","6.95","6.75","7.22","6.75","757.94K","0.72%"
"11/07/2016","6.90","6.95","7.07","6.80","526.16K","1.47%"
"11/04/2016","6.80","6.80","7.05","6.70","861.84K","-0.73%"
"11/03/2016","6.85","7.10","7.15","6.75","526.35K","-2.84%"
"11/02/2016","7.05","7.05","7.15","7.00","430.65K","-0.70%"
"11/01/2016","7.10","7.15","7.22","6.95","1.27M","0.00%"
"10/31/2016","7.10","7.10","7.18","7.00","525.40K","0.00%"
"10/28/2016","7.10","7.10","7.20","7.00","680.39K","-0.70%"
"10/27/2016","7.15","7.15","7.20","6.97","599.28K","0.00%"
"10/26/2016","7.15","7.25","7.35","7.10","742.70K","-1.38%"
"10/25/2016","7.25","7.30","7.40","7.18","816.65K","-1.36%"
"10/24/2016","7.35","7.30","7.35","7.25","364.20K","2.08%"
"10/21/2016","7.20","7.25","7.40","7.10","926.61K","-1.37%"
"10/20/2016","7.30","7.40","7.45","7.22","557.80K","-2.01%"
"10/19/2016","7.45","7.35","7.65","7.27","720.44K","2.05%"
"10/18/2016","7.30","7.60","7.60","7.25","821.04K","-3.31%"
"10/17/2016","7.55","7.55","7.55","7.35","348.26K","0.67%"
"10/14/2016","7.50","7.45","7.50","7.35","661.61K","0.67%"
"10/13/2016","7.45","7.50","7.55","7.30","452.52K","-1.97%"
"10/12/2016","7.60","7.55","7.60","7.47","441.58K","1.33%"
"10/11/2016","7.50","7.70","7.75","7.40","583.84K","-1.96%"
"10/10/2016","7.65","7.70","7.75","7.60","569.74K","-0.52%"
"10/07/2016","7.69","7.69","7.74","7.56","834.38K","0.13%"
"10/06/2016","7.68","7.71","7.79","7.67","584.89K","-0.26%"
"10/05/2016","7.70","7.65","7.93","7.65","1.49M","0.79%"
"10/04/2016","7.64","7.58","7.75","7.55","1.32M","0.79%"
"10/03/2016","7.58","7.48","7.60","7.47","1.03M","1.74%"
"09/30/2016","7.45","7.45","7.52","7.37","2.12M","0.68%"
"09/29/2016","7.40","7.67","7.72","7.28","1.71M","-2.70%"
"09/28/2016","7.61","7.65","7.89","7.59","2.20M","-0.85%"
"09/27/2016","7.67","7.90","8.80","7.66","7.68M","-18.92%"
"09/26/2016","9.46","9.51","10.20","9.32","1.55M","-0.84%"
"09/23/2016","9.54","9.21","9.69","9.01","2.61M","-2.45%"
"09/22/2016","9.78","8.14","10.84","8.14","5.10M","20.74%"
"09/21/2016","8.10","6.67","8.27","6.61","3.00M","21.44%"
"09/20/2016","6.67","6.80","6.83","6.64","1.18M","-1.62%"
"09/19/2016","6.78","6.85","6.89","6.74","355.41K","-0.29%"
"09/16/2016","6.80","6.81","6.87","6.72","1.02M","-0.73%"
"09/15/2016","6.85","6.79","6.89","6.75","477.67K","1.18%"
"09/14/2016","6.77","6.65","6.83","6.65","663.96K","2.11%"
"09/13/2016","6.63","6.57","6.66","6.49","599.59K","-0.60%"
"09/12/2016","6.67","6.22","6.69","6.16","1.06M","5.54%"
"09/09/2016","6.32","6.62","6.67","6.21","981.64K","-5.39%"
"09/08/2016","6.68","6.51","6.74","6.49","852.53K","2.93%"
"09/07/2016","6.49","6.20","6.51","6.18","1.18M","5.19%"
"09/06/2016","6.17","6.19","6.24","6.06","561.24K","0.33%"
"09/02/2016","6.15","6.33","6.39","6.12","823.33K","-1.28%"
"09/01/2016","6.23","6.28","6.45","6.18","841.02K","-1.42%"
"08/31/2016","6.32","6.30","6.44","6.21","703.97K","-0.32%"
"08/30/2016","6.34","6.38","6.64","6.30","1.11M","-0.16%"
"08/29/2016","6.35","5.68","6.59","5.39","6.37M","-15.67%"
"08/26/2016","7.53","7.55","7.76","7.38","754.47K","-0.40%"
"08/25/2016","7.56","7.54","7.81","7.51","579.24K","-0.53%"
"08/24/2016","7.60","7.60","7.76","7.53","539.11K","-0.78%"
"08/23/2016","7.66","7.62","7.80","7.53","458.42K","-0.13%"
"08/22/2016","7.67","7.77","7.77","7.51","321.94K","-0.65%"
"08/19/2016","7.72","7.72","7.81","7.57","845.12K","-0.39%"
"08/18/2016","7.75","7.73","7.80","7.55","770.39K","-0.13%"
"08/17/2016","7.76","7.30","7.87","7.23","3.25M","6.30%"
"08/16/2016","7.30","7.48","7.48","7.29","726.54K","-2.01%"
"08/15/2016","7.45","7.40","7.56","7.40","613.75K","0.27%"
"08/12/2016","7.43","7.58","7.58","7.43","396.93K","-0.67%"
"08/11/2016","7.48","7.48","7.61","7.41","437.56K","0.94%"
"08/10/2016","7.41","7.55","7.60","7.41","400.78K","-1.20%"
"08/09/2016","7.50","7.41","7.60","7.41","389.36K","0.81%"
"08/08/2016","7.44","7.41","7.63","7.39","582.72K","0.40%"
"08/05/2016","7.41","7.47","7.80","7.39","807.52K","-0.80%"
"08/04/2016","7.47","7.34","7.65","7.28","633.22K","2.47%"
"08/03/2016","7.29","7.54","7.84","7.12","1.83M","-8.19%"
"08/02/2016","7.94","7.37","8.36","7.37","4.52M","7.88%"
"08/01/2016","7.36","7.61","7.69","7.21","1.36M","6.67%"
"07/29/2016","6.90","7.07","7.07","6.90","506.32K","-1.99%"
"07/28/2016","7.04","7.06","7.09","6.96","394.07K","-0.71%"
"07/27/2016","7.09","7.17","7.20","6.97","438.91K","-0.70%"
"07/26/2016","7.14","6.97","7.19","6.97","469.92K","2.59%"
"07/25/2016","6.96","6.93","7.27","6.93","509.49K","-0.43%"
"07/22/2016","6.99","6.86","7.02","6.85","495.80K","1.75%"
"07/21/2016","6.87","6.91","7.10","6.83","484.81K","-1.43%"
"07/20/2016","6.97","6.80","6.99","6.75","678.09K","2.95%"
"07/19/2016","6.77","7.00","7.00","6.76","398.96K","-3.01%"
"07/18/2016","6.98","7.00","7.18","6.95","428.29K","-0.29%"
"07/15/2016","7.00","7.02","7.05","6.91","524.20K","0.86%"
"07/14/2016","6.94","7.08","7.08","6.76","917.62K","-0.29%"
"07/13/2016","6.96","7.07","7.09","6.90","532.47K","-1.56%"
"07/12/2016","7.07","7.09","7.22","6.90","518.64K","1.29%"
"07/11/2016","6.98","6.90","7.18","6.81","1.04M","1.90%"
"07/08/2016","6.85","6.81","7.00","6.80","706.39K","1.18%"
"07/07/2016","6.77","6.83","6.87","6.67","764.14K","0.15%"
"07/06/2016","6.76","6.74","6.79","6.43","1.09M","1.65%"
"07/05/2016","6.65","7.12","7.12","6.61","1.19M","-4.73%"
"07/01/2016","6.98","7.66","7.68","6.89","1.69M","-9.23%"
"06/30/2016","7.69","8.05","8.06","7.62","2.27M","-5.41%"
"06/29/2016","8.13","8.05","8.23","8.01","310.86K","2.78%"
"06/28/2016","7.91","7.92","8.06","7.80","325.41K","2.33%"
"06/27/2016","7.73","8.13","8.14","7.69","672.39K","-6.87%"
"06/24/2016","8.30","8.20","8.50","8.03","1.10M","-4.27%"
"06/23/2016","8.67","8.51","8.78","8.40","2.31M","3.46%"
"06/22/2016","8.38","8.46","8.56","8.23","654.00K","-0.83%"
"06/21/2016","8.45","8.35","8.58","8.28","738.53K","1.44%"
"06/20/2016","8.33","8.66","8.86","8.32","581.05K","-2.91%"
"06/17/2016","8.58","8.34","8.73","8.31","1.11M","3.25%"
"06/16/2016","8.31","8.42","8.52","8.21","487.28K","-3.26%"
"06/15/2016","8.59","7.83","8.68","7.78","820.89K","9.43%"
"06/14/2016","7.85","8.06","8.07","7.72","756.51K","-2.85%"
"06/13/2016","8.08","8.22","8.39","8.08","407.54K","-2.88%"
"06/10/2016","8.32","8.21","8.67","8.09","603.22K","-0.36%"
"06/09/2016","8.35","8.13","8.50","8.03","837.80K","1.95%"
"06/08/2016","8.19","8.71","8.71","8.09","1.42M","-5.65%"
"06/07/2016","8.68","8.26","8.77","8.13","676.04K","4.83%"
"06/06/2016","8.28","8.05","8.34","8.03","559.94K","2.10%"
"06/03/2016","8.11","7.97","8.23","7.81","604.19K","1.50%"
"06/02/2016","7.99","7.70","8.06","7.62","515.80K","3.10%"
"06/01/2016","7.75","7.31","7.77","7.20","882.20K","5.73%"
"05/31/2016","7.33","7.39","7.49","7.25","529.88K","-0.68%"
"05/27/2016","7.38","7.05","7.52","6.97","511.51K","4.83%"
"05/26/2016","7.04","7.10","7.19","6.95","311.56K","-0.42%"
"05/25/2016","7.07","7.04","7.13","6.98","403.64K","0.86%"
"05/24/2016","7.01","6.99","7.05","6.91","353.69K","1.30%"
"05/23/2016","6.92","6.86","6.97","6.77","311.81K","1.02%"
"05/20/2016","6.85","6.82","6.92","6.70","429.00K","2.09%"
"05/19/2016","6.71","6.82","6.88","6.66","577.72K","-2.33%"
"05/18/2016","6.87","7.22","7.30","6.85","642.88K","-5.76%"
"05/17/2016","7.29","7.45","7.53","7.21","972.27K","-2.41%"
"05/16/2016","7.47","7.04","7.51","6.90","1.14M","7.64%"
"05/13/2016","6.94","7.12","7.32","6.90","1.00M","-2.80%"
"05/12/2016","7.14","7.18","7.28","6.85","897.28K","-0.28%"
"05/11/2016","7.16","7.22","7.24","6.98","390.33K","-0.28%"
"05/10/2016","7.18","7.04","7.26","6.74","1.01M","4.06%"
"05/09/2016","6.90","6.79","6.91","6.50","722.17K","1.92%"
"05/06/2016","6.77","6.63","6.90","6.56","974.54K","0.45%"
"05/05/2016","6.74","6.84","6.88","6.62","500.67K","-0.15%"
"05/04/2016","6.75","6.79","6.95","6.72","528.20K","-1.75%"
"05/03/2016","6.87","7.03","7.08","6.80","464.07K","-3.10%"
"05/02/2016","7.09","6.90","7.11","6.74","865.65K","3.81%"
"04/29/2016","6.83","7.04","7.10","6.68","534.38K","-3.53%"
"04/28/2016","7.08","7.16","7.36","7.07","395.34K","-1.67%"
"04/27/2016","7.20","7.32","7.39","6.93","482.49K","-1.10%"
"04/26/2016","7.28","7.15","7.28","7.00","464.98K","2.75%"
"04/25/2016","7.09","7.31","7.44","7.01","421.54K","-3.87%"
"04/22/2016","7.37","7.50","7.57","7.19","228.96K","-1.34%"
"04/21/2016","7.47","7.36","7.55","7.27","545.29K","0.40%"
"04/20/2016","7.44","7.54","7.70","7.36","493.05K","-1.06%"
"04/19/2016","7.52","7.37","7.55","7.34","742.69K","2.59%"
"04/18/2016","7.33","7.17","7.38","7.14","645.40K","1.10%"
"04/15/2016","7.25","7.13","7.33","7.08","577.58K","1.12%"
"04/14/2016","7.17","7.08","7.41","7.06","706.87K","2.14%"
"04/13/2016","7.02","6.90","7.05","6.77","984.13K","2.48%"
"04/12/2016","6.85","6.82","6.88","6.36","1.05M","1.03%"
"04/11/2016","6.78","6.78","6.85","6.58","545.72K","0.00%"
"04/08/2016","6.78","6.63","7.14","6.59","1.43M","3.20%"
"04/07/2016","6.57","6.32","6.60","6.32","1.31M","3.14%"
"04/06/2016","6.37","6.31","6.39","6.24","479.21K","1.11%"
"04/05/2016","6.30","6.34","6.51","6.27","618.17K","-1.56%"
"04/04/2016","6.40","6.60","6.61","6.26","1.48M","-2.88%"
"04/01/2016","6.59","6.67","6.79","6.53","531.65K","-3.09%"
"03/31/2016","6.80","6.54","6.80","6.54","1.44M","3.50%"
"03/30/2016","6.57","6.49","6.76","6.47","861.58K","1.23%"
"03/29/2016","6.49","6.37","6.53","6.22","812.62K","1.41%"
"03/28/2016","6.40","6.26","6.44","6.11","730.19K","2.89%"
"03/24/2016","6.22","6.25","6.37","6.17","408.60K","-0.80%"
"03/23/2016","6.27","6.41","6.41","6.18","781.84K","-1.72%"
"03/22/2016","6.38","6.30","6.48","6.17","814.53K","1.27%"
"03/21/2016","6.30","6.50","6.56","6.27","724.92K","-4.11%"
"03/18/2016","6.57","6.65","6.94","6.51","1.58M","0.15%"
"03/17/2016","6.56","6.18","6.64","6.16","1.81M","5.30%"
"03/16/2016","6.23","6.04","7.23","5.91","4.63M","-13.47%"
"03/15/2016","7.20","7.20","7.40","7.00","651.95K","1.69%"
"03/14/2016","7.08","7.45","7.45","6.95","1.18M","-4.97%"
"03/11/2016","7.45","7.49","7.63","7.27","732.75K","2.48%"
"03/10/2016","7.27","8.03","8.06","7.24","1.90M","-7.39%"
"03/09/2016","7.85","7.57","7.97","7.38","662.78K","4.25%"
"03/08/2016","7.53","8.66","8.70","7.52","1.45M","-13.94%"
"03/07/2016","8.75","8.78","8.97","8.61","879.46K","-0.57%"
"03/04/2016","8.80","8.92","9.11","8.75","933.92K","-1.68%"
"03/03/2016","8.95","9.34","9.37","8.90","1.48M","-2.82%"
"03/02/2016","9.21","9.20","9.45","8.73","1.25M","0.00%"
"03/01/2016","9.21","9.21","9.47","9.11","1.31M","1.88%"
"02/29/2016","9.04","9.10","9.64","9.02","1.65M","0.06%"
"02/27/2016","9.03","9.03","9.03","9.03","3.18M","-0.17%"
"02/26/2016","9.05","8.21","9.49","8.21","3.31M","10.37%"
"02/25/2016","8.20","7.80","8.20","7.74","1.28M","5.81%"
"02/24/2016","7.75","6.44","8.09","6.42","1.11M","3.06%"
"02/23/2016","7.52","7.87","7.99","7.51","787.86K","-2.72%"
"02/22/2016","7.73","7.50","7.75","7.32","778.16K","6.18%"
"02/19/2016","7.28","7.28","7.34","6.94","585.09K","-0.68%"
"02/18/2016","7.33","7.56","7.56","6.93","709.37K","-2.14%"
"02/17/2016","7.49","6.59","7.50","6.50","1.19M","15.23%"
"02/16/2016","6.50","6.15","6.61","6.06","747.75K","7.79%"
"02/12/2016","6.03","6.29","6.42","5.99","808.75K","-3.37%"
"02/11/2016","6.24","5.92","6.25","5.83","1.32M","3.31%"
"02/10/2016","6.04","6.11","6.35","5.92","609.89K","-0.17%"
"02/09/2016","6.05","6.05","6.26","5.90","699.77K","-1.79%"
"02/08/2016","6.16","6.32","6.34","6.01","465.63K","-3.60%"
"02/05/2016","6.39","6.33","6.50","6.28","649.38K","-0.16%"
"02/04/2016","6.40","6.43","6.75","6.37","527.59K","-1.23%"
"02/03/2016","6.48","6.61","6.62","6.20","645.83K","-1.07%"
"02/02/2016","6.55","6.65","6.65","6.20","877.35K","-1.95%"
"02/01/2016","6.68","6.83","6.83","6.52","513.42K","-3.61%"
"01/29/2016","6.93","6.54","6.95","6.51","732.46K","6.94%"
"01/28/2016","6.48","6.55","6.67","6.24","605.98K","1.09%"
"01/27/2016","6.41","6.40","6.56","6.21","625.59K","-0.62%"
"01/26/2016","6.45","6.13","6.59","5.92","605.29K","5.22%"
"01/25/2016","6.13","6.60","6.76","6.08","633.20K","-8.10%"
"01/22/2016","6.67","6.57","6.94","6.50","801.09K","2.62%"
"01/21/2016","6.50","6.15","6.52","5.65","1.52M","3.67%"
"01/20/2016","6.27","6.41","6.48","5.88","944.25K","-3.39%"
"01/19/2016","6.49","6.58","6.70","6.13","1.06M","-0.76%"
"01/15/2016","6.54","6.16","6.62","6.05","958.57K","3.32%"
"01/14/2016","6.33","6.19","6.42","5.84","1.04M","3.09%"
"01/13/2016","6.14","6.66","6.86","6.02","1.20M","-7.25%"
"01/12/2016","6.62","6.35","6.64","6.26","1.27M","6.09%"
"01/11/2016","6.24","6.77","6.90","6.03","922.01K","-7.00%"
"01/08/2016","6.71","6.61","7.09","6.61","679.56K","2.44%"
"01/07/2016","6.55","7.18","7.19","6.53","1.45M","-10.64%"
"01/06/2016","7.33","7.77","8.11","7.26","626.55K","-7.33%"
"01/05/2016","7.91","7.79","8.20","7.67","594.93K","2.20%"
"01/04/2016","7.74","7.78","8.11","7.51","976.59K","-1.90%"
"12/31/2015","7.89","8.00","8.29","7.81","419.23K","-1.50%"
"12/30/2015","8.01","8.23","8.35","7.90","388.66K","-2.91%"
"12/29/2015","8.25","7.96","8.50","7.85","676.20K","4.56%"
"12/28/2015","7.89","8.25","8.30","7.85","405.07K","-5.17%"
"12/24/2015","8.32","8.22","8.39","8.15","281.38K","2.34%"
"12/23/2015","8.13","8.07","8.30","7.91","1.02M","1.69%"
"12/22/2015","7.99","7.71","8.01","7.66","648.94K","3.70%"
"12/21/2015","7.71","7.63","7.95","7.45","583.18K","1.58%"
"12/18/2015","7.59","7.70","7.84","7.37","1.07M","-1.17%"
"12/17/2015","7.68","7.64","8.13","7.64","747.87K","0.52%"
"12/16/2015","7.64","7.39","7.68","7.33","901.71K","4.37%"
"12/15/2015","7.32","7.56","7.65","7.27","972.25K","-3.17%"
"12/14/2015","7.56","7.79","7.80","7.37","822.32K","-3.57%"
"12/11/2015","7.84","8.00","8.34","7.81","1.15M","-3.63%"
"12/10/2015","8.14","7.75","8.14","7.53","706.27K","4.83%"
"12/09/2015","7.76","7.25","7.78","7.15","1.12M","6.89%"
"12/08/2015","7.26","7.06","7.32","7.00","889.68K","1.68%"
"12/07/2015","7.14","7.78","7.89","7.06","817.33K","-9.04%"
"12/04/2015","7.85","7.95","8.50","7.56","537.14K","-1.38%"
"12/03/2015","7.96","8.60","8.77","7.93","526.09K","-8.29%"
"12/02/2015","8.68","8.20","8.88","8.11","611.49K","5.21%"
"12/01/2015","8.25","8.45","8.85","8.21","939.37K","-2.60%"
"11/30/2015","8.47","8.07","8.50","7.99","565.38K","4.70%"
"11/27/2015","8.09","7.96","8.12","7.84","271.08K","1.25%"
"11/25/2015","7.99","7.69","8.02","7.55","337.66K","4.31%"
"11/24/2015","7.66","7.33","7.68","6.98","464.94K","3.65%"
"11/23/2015","7.39","7.34","7.56","7.20","461.12K","1.37%"
"11/20/2015","7.29","7.48","7.60","7.29","548.39K","-1.88%"
"11/19/2015","7.43","6.87","7.46","6.76","742.38K","7.06%"
"11/18/2015","6.94","6.92","7.06","6.66","726.10K","-0.14%"
"11/17/2015","6.95","7.57","7.60","6.91","915.45K","-8.19%"
"11/16/2015","7.57","7.94","8.02","7.57","650.50K","-4.66%"
"11/13/2015","7.94","7.64","7.99","7.47","1.17M","3.52%"
"11/12/2015","7.67","7.88","7.88","7.45","925.74K","-3.46%"
"11/11/2015","7.95","7.87","8.25","7.84","833.13K","1.40%"
"11/10/2015","7.84","8.22","8.48","7.60","1.31M","-8.79%"
"11/09/2015","8.59","8.89","8.89","8.27","904.49K","-1.72%"
"11/06/2015","8.74","8.81","9.00","8.72","406.36K","-1.13%"
"11/05/2015","8.84","8.80","9.00","8.61","418.28K","0.45%"
"11/04/2015","8.80","8.93","9.05","8.72","637.75K","-0.79%"
"11/03/2015","8.87","8.96","9.12","8.57","665.33K","-1.77%"
"11/02/2015","9.03","8.02","9.17","8.01","924.17K","12.17%"
"10/30/2015","8.05","8.08","8.26","7.98","623.46K","-0.37%"
"10/29/2015","8.08","8.01","8.15","7.95","461.23K","0.62%"
"10/28/2015","8.03","7.98","8.19","7.88","831.75K","0.37%"
"10/27/2015","8.00","7.98","8.17","7.85","439.34K","0.38%"
"10/26/2015","7.97","8.01","8.12","7.91","429.77K","-0.75%"
"10/23/2015","8.03","8.00","8.29","7.89","578.60K","1.26%"
"10/22/2015","7.93","7.82","8.06","7.60","476.19K","3.39%"
"10/21/2015","7.67","8.04","8.10","7.62","659.32K","-3.94%"
"10/20/2015","7.99","7.94","8.06","7.82","330.02K","-0.19%"
"10/19/2015","8.00","7.99","8.03","7.80","334.83K","-0.62%"
"10/16/2015","8.05","8.05","8.23","7.98","575.33K","-0.12%"
"10/15/2015","8.06","8.03","8.14","7.82","562.85K","1.77%"
"10/14/2015","7.92","7.67","7.95","7.59","321.03K","2.72%"
"10/13/2015","7.71","7.74","8.01","7.64","420.70K","0.00%"
"10/12/2015","7.71","7.97","8.00","7.66","349.55K","-3.62%"
"10/09/2015","8.00","8.00","8.10","7.51","636.31K","0.63%"
"10/08/2015","7.95","7.90","8.39","7.34","1.38M","1.66%"
"10/07/2015","7.82","7.48","7.90","7.35","519.35K","4.97%"
"10/06/2015","7.45","7.46","7.70","7.36","583.33K","-1.32%"
"10/05/2015","7.55","7.26","7.69","7.26","483.77K","3.50%"
"10/02/2015","7.30","6.59","7.30","6.05","828.43K","7.68%"
"10/01/2015","6.78","5.80","6.78","5.75","1.43M","15.03%"
"09/30/2015","5.89","6.76","6.87","5.60","2.70M","-11.96%"
"09/29/2015","6.69","6.82","6.99","6.56","823.14K","-2.34%"
"09/28/2015","6.85","7.11","7.13","6.75","760.53K","-4.46%"
"09/25/2015","7.17","7.49","7.73","7.07","897.77K","-4.53%"
"09/24/2015","7.51","7.90","7.91","6.83","2.34M","-6.59%"
"09/23/2015","8.04","8.64","8.87","8.03","706.83K","-7.37%"
"09/22/2015","8.68","8.85","9.00","8.64","700.52K","-3.23%"
"09/21/2015","8.97","9.02","9.28","8.88","746.22K","-2.50%"
"09/18/2015","9.20","9.23","9.53","9.13","1.15M","-2.13%"
"09/17/2015","9.40","9.46","9.69","9.37","802.83K","-1.26%"
"09/16/2015","9.52","9.63","9.85","9.43","694.84K","-2.26%"
"09/15/2015","9.74","9.56","9.75","9.43","508.33K","1.46%"
"09/14/2015","9.60","9.35","9.69","9.35","467.19K","2.35%"
"09/11/2015","9.38","9.32","9.45","9.20","392.04K","-0.32%"
"09/10/2015","9.41","9.39","9.51","9.19","603.04K","-0.53%"
"09/09/2015","9.46","9.56","9.77","9.37","678.46K","-1.46%"
"09/08/2015","9.60","9.49","9.91","9.33","1.05M","3.11%"
"09/04/2015","9.31","9.06","9.41","9.03","534.98K","1.31%"
"09/03/2015","9.19","8.98","9.58","8.93","763.04K","2.45%"
"09/02/2015","8.97","9.13","9.25","8.62","751.74K","-0.77%"
"09/01/2015","9.04","9.38","9.53","8.85","1.13M","-5.34%"
"08/31/2015","9.55","9.14","9.66","8.88","1.03M","4.14%"
"08/28/2015","9.17","8.65","9.33","8.64","1.31M","5.28%"
"08/27/2015","8.71","8.51","10.61","7.82","4.51M","3.02%"
"08/26/2015","8.45","8.60","8.75","8.31","1.03M","-0.18%"
"08/25/2015","8.47","9.17","9.56","8.34","2.13M","-5.68%"
"08/24/2015","8.98","7.44","9.23","7.37","3.73M","11.97%"
"08/21/2015","8.02","6.74","8.09","6.69","2.27M","16.74%"
"08/20/2015","6.87","6.95","7.16","6.72","955.82K","-0.87%"
"08/19/2015","6.93","7.20","7.29","6.83","939.07K","-5.71%"
"08/18/2015","7.35","7.64","7.72","7.27","1.19M","-2.00%"
"08/17/2015","7.50","7.90","7.92","7.32","952.15K","1.90%"
"08/14/2015","7.36","7.50","7.77","7.30","697.62K","-3.29%"
"08/13/2015","7.61","7.78","7.99","7.53","1.15M","-2.44%"
"08/12/2015","7.80","7.23","7.87","7.21","1.37M","5.41%"
"08/11/2015","7.40","7.44","7.89","7.30","3.08M","-2.89%"
"08/10/2015","7.62","6.76","7.87","6.71","2.86M","11.08%"
"08/07/2015","6.86","6.30","6.86","6.19","2.03M","5.86%"
"08/06/2015","6.48","5.81","7.44","5.81","2.67M","10.58%"
"08/05/2015","5.86","5.30","5.97","5.30","1.89M","9.74%"
"08/04/2015","5.34","5.32","5.46","5.23","1.09M","-1.11%"
"08/03/2015","5.40","5.18","5.47","5.16","1.00M","3.65%"
"07/31/2015","5.21","5.17","5.28","5.09","953.54K","0.39%"
"07/30/2015","5.19","5.04","5.20","5.01","917.22K","1.96%"
"07/29/2015","5.09","5.05","5.17","4.93","2.25M","0.79%"
"07/28/2015","5.05","4.90","5.16","4.76","1.99M","2.64%"
"07/27/2015","4.92","4.91","4.93","4.61","1.18M","1.65%"
"07/24/2015","4.84","5.07","5.23","4.71","2.25M","-5.84%"
"07/23/2015","5.14","4.85","5.24","4.70","5.42M","7.98%"
"07/22/2015","4.76","7.69","7.79","3.30","12.63M","-40.65%"
"07/21/2015","8.02","6.84","8.31","6.84","5.11M","22.44%"
"07/20/2015","6.55","6.89","6.89","6.42","923.43K","-3.82%"
"07/17/2015","6.81","6.87","6.98","6.75","1.22M","-0.58%"
"07/16/2015","6.85","6.76","6.90","6.60","622.74K","3.01%"
"07/15/2015","6.65","6.88","6.88","6.55","672.07K","-3.48%"
"07/14/2015","6.89","6.74","7.05","6.64","973.55K","1.47%"
"07/13/2015","6.79","6.55","6.99","6.35","1.01M","5.27%"
"07/10/2015","6.45","6.45","6.66","6.29","1.66M","1.90%"
"07/09/2015","6.33","6.15","6.48","6.15","1.49M","3.94%"
"07/08/2015","6.09","6.24","6.39","6.05","973.73K","-3.03%"
"07/07/2015","6.28","6.16","6.31","5.94","1.31M","2.11%"
"07/06/2015","6.15","6.18","6.34","6.02","1.06M","-1.28%"
"07/02/2015","6.23","6.30","6.43","6.13","672.46K","-0.48%"
"07/01/2015","6.26","6.18","6.32","6.09","2.43M","2.29%"
"06/30/2015","6.12","6.19","6.23","6.01","1.14M","0.00%"
"06/29/2015","6.12","6.28","6.30","6.05","1.36M","-3.47%"
"06/26/2015","6.34","6.25","6.36","6.16","1.02M","2.09%"
"06/25/2015","6.21","6.26","6.26","6.04","671.37K","-0.64%"
"06/24/2015","6.25","6.48","6.58","6.16","963.09K","-3.55%"
"06/23/2015","6.48","6.52","6.71","6.45","638.22K","-0.61%"
"06/22/2015","6.52","6.63","6.82","6.50","700.65K","-1.06%"
"06/19/2015","6.59","6.53","6.62","6.40","1.07M","1.38%"
"06/18/2015","6.50","6.50","6.67","6.42","750.97K","0.15%"
"06/17/2015","6.49","6.59","6.60","6.38","800.47K","-1.67%"
"06/16/2015","6.60","7.01","7.01","6.49","1.77M","-3.93%"
"06/15/2015","6.87","6.92","7.00","6.69","754.77K","-1.43%"
"06/12/2015","6.97","6.85","7.08","6.83","838.61K","0.87%"
"06/11/2015","6.91","6.89","7.03","6.78","979.42K","0.14%"
"06/10/2015","6.90","6.54","7.03","6.50","1.36M","5.83%"
"06/09/2015","6.52","6.25","6.69","6.25","1.76M","4.15%"
"06/08/2015","6.26","6.48","6.57","6.12","2.51M","-2.34%"
"06/05/2015","6.41","7.15","7.27","5.95","7.35M","-10.47%"
"06/04/2015","7.16","7.88","7.95","7.07","5.63M","-9.14%"
"06/03/2015","7.88","7.64","7.90","7.41","1.88M","3.68%"
"06/02/2015","7.60","7.81","7.85","7.05","4.51M","-3.31%"
"06/01/2015","7.86","9.42","9.42","7.81","4.38M","-16.03%"
"05/29/2015","9.36","9.75","9.99","9.28","764.50K","-4.49%"
"05/28/2015","9.80","9.79","9.87","9.65","1.06M","-0.41%"
"05/27/2015","9.84","9.94","9.98","9.70","534.87K","-0.91%"
"05/26/2015","9.93","10.47","10.55","9.85","574.37K","-0.50%"
"05/22/2015","9.98","9.98","10.14","9.87","270.25K","-0.30%"
"05/21/2015","10.01","9.94","10.17","9.87","553.36K","0.55%"
"05/20/2015","9.95","10.00","10.09","9.90","275.76K","-0.15%"
"05/19/2015","9.97","9.94","10.09","9.84","431.65K","-0.20%"
"05/18/2015","9.99","10.19","10.30","9.96","658.24K","-2.73%"
"05/15/2015","10.27","10.35","10.55","10.11","535.72K","-1.25%"
"05/14/2015","10.40","10.66","10.85","10.39","475.86K","-2.53%"
"05/13/2015","10.67","10.45","10.92","10.40","1.04M","3.49%"
"05/12/2015","10.31","10.17","10.48","10.01","813.08K","0.98%"
"05/11/2015","10.21","10.19","10.53","10.14","740.53K","0.20%"
"05/08/2015","10.19","10.25","10.49","9.90","1.07M","1.90%"
"05/07/2015","10.00","9.26","10.11","9.26","1.58M","7.41%"
"05/06/2015","9.31","9.44","9.52","9.17","646.07K","-1.06%"
"05/05/2015","9.41","9.34","9.51","9.26","748.84K","1.18%"
"05/04/2015","9.30","9.34","9.51","9.25","553.41K","-0.21%"
"05/01/2015","9.32","9.54","9.60","9.23","749.54K","-1.79%"
"04/30/2015","9.49","9.26","9.55","9.19","722.56K","1.28%"
"04/29/2015","9.37","9.31","9.45","9.26","407.28K","-0.64%"
"04/28/2015","9.43","9.48","9.51","9.24","1.04M","-0.42%"
"04/27/2015","9.47","9.83","9.86","9.37","807.81K","-3.66%"
"04/24/2015","9.83","9.68","9.96","9.65","686.00K","1.87%"
"04/23/2015","9.65","9.70","9.90","9.56","579.28K","-0.31%"
"04/22/2015","9.68","9.92","10.21","9.58","875.12K","-2.42%"
"04/21/2015","9.92","10.05","10.18","9.47","1.38M","-0.80%"
"04/20/2015","10.00","11.67","11.67","9.82","3.32M","-17.01%"
"04/17/2015","12.05","12.12","12.45","11.99","748.86K","-1.31%"
"04/16/2015","12.21","12.40","12.48","12.02","822.08K","-1.45%"
"04/15/2015","12.39","11.72","12.40","11.50","1.89M","5.81%"
"04/14/2015","11.71","11.65","11.80","11.45","1.11M","0.60%"
"04/13/2015","11.64","11.22","11.75","11.04","963.79K","2.83%"
"04/10/2015","11.32","11.33","11.50","10.96","560.93K","0.44%"
"04/09/2015","11.27","11.08","11.33","10.98","1.03M","1.39%"
"04/08/2015","11.11","10.97","11.17","10.92","769.35K","1.88%"
"04/07/2015","10.91","11.10","11.10","10.68","597.36K","-1.62%"
"04/06/2015","11.09","10.79","11.11","10.64","386.16K","1.65%"
"04/02/2015","10.91","10.79","11.02","10.66","721.58K","0.74%"
"04/01/2015","10.83","10.48","10.94","10.44","1.10M","2.85%"
"03/31/2015","10.53","9.95","10.55","9.90","964.02K","5.09%"
"03/30/2015","10.02","9.85","10.21","9.71","1.09M","3.30%"
"03/27/2015","9.70","9.51","9.72","9.41","539.87K","1.57%"
"03/26/2015","9.55","9.40","9.80","9.28","703.80K","1.60%"
"03/25/2015","9.40","9.88","9.88","9.28","466.80K","-4.86%"
"03/24/2015","9.88","9.62","9.94","9.57","665.96K","2.28%"
"03/23/2015","9.66","9.41","9.85","9.34","627.96K","2.33%"
"03/20/2015","9.44","9.47","9.87","9.27","641.81K","0.00%"
"03/19/2015","9.44","9.25","9.47","9.16","404.96K","1.94%"
"03/18/2015","9.26","9.28","9.37","8.78","597.33K","-1.38%"
"03/17/2015","9.39","9.54","9.70","9.06","1.08M","-2.39%"
"03/16/2015","9.62","9.57","9.80","9.30","375.01K","0.73%"
"03/13/2015","9.55","9.75","9.81","9.36","358.11K","-1.95%"
"03/12/2015","9.74","9.66","9.75","9.37","474.84K","1.35%"
"03/11/2015","9.61","9.66","9.66","9.42","391.42K","-0.10%"
"03/10/2015","9.62","9.67","9.75","9.40","857.39K","-2.63%"
"03/09/2015","9.88","9.63","9.89","9.01","1.33M","2.60%"
"03/06/2015","9.63","10.12","10.20","9.28","1.56M","-5.22%"
"03/05/2015","10.16","10.49","10.49","10.09","732.65K","-1.93%"
"03/04/2015","10.36","10.49","10.53","10.09","866.18K","-2.08%"
"03/03/2015","10.58","10.48","11.25","9.90","1.89M","-3.99%"
"03/02/2015","11.02","10.63","11.06","10.62","1.01M","3.96%"
"02/27/2015","10.60","10.76","10.80","10.41","707.04K","-1.76%"
"02/26/2015","10.79","11.56","11.87","10.79","1.00M","-6.50%"
"02/25/2015","11.54","10.80","11.83","10.69","2.37M","6.85%"
"02/24/2015","10.80","10.75","10.85","10.41","484.29K","-0.37%"
"02/23/2015","10.84","10.87","10.89","10.09","762.61K","-0.91%"
"02/20/2015","10.94","10.98","11.01","10.71","395.91K","0.09%"
"02/19/2015","10.93","10.77","11.10","10.73","487.78K","0.64%"
"02/18/2015","10.86","10.73","11.00","10.71","667.57K","0.65%"
"02/17/2015","10.79","10.99","10.99","10.68","429.83K","0.05%"
"02/13/2015","10.78","10.82","11.12","10.57","550.52K","1.75%"
"02/12/2015","10.60","10.62","10.78","10.53","766.70K","0.66%"
"02/11/2015","10.53","10.85","10.86","10.47","336.32K","-2.86%"
"02/10/2015","10.84","11.04","11.04","10.60","410.94K","-0.82%"
"02/09/2015","10.93","11.00","11.14","10.70","537.05K","-1.26%"
"02/06/2015","11.07","11.56","11.63","11.00","599.67K","-3.82%"
"02/05/2015","11.51","11.50","11.66","11.29","278.54K","1.95%"
"02/04/2015","11.29","11.25","11.54","11.12","679.26K","0.09%"
"02/03/2015","11.28","10.89","11.41","10.84","632.82K","3.96%"
"02/02/2015","10.85","10.92","11.04","10.30","641.87K","-0.37%"
"01/30/2015","10.89","11.60","11.70","10.85","838.86K","-7.00%"
"01/29/2015","11.71","11.73","11.89","11.34","474.80K","0.00%"
"01/28/2015","11.71","11.72","12.60","11.47","1.12M","0.34%"
"01/27/2015","11.67","11.99","12.07","11.67","726.59K","-2.75%"
"01/26/2015","12.00","11.58","12.07","11.55","841.37K","2.92%"
"01/23/2015","11.66","11.63","11.95","11.56","487.39K","0.60%"
"01/22/2015","11.59","11.51","11.62","10.99","1.10M","1.76%"
"01/21/2015","11.39","11.36","11.77","11.27","534.70K","-0.35%"
"01/20/2015","11.43","11.76","11.76","11.24","1.15M","-3.38%"
"01/16/2015","11.83","11.93","12.00","11.18","1.35M","-0.59%"
"01/15/2015","11.90","12.70","12.70","11.57","2.08M","-6.37%"
"01/14/2015","12.71","12.22","12.73","11.72","1.62M","0.63%"
"01/13/2015","12.63","13.35","13.82","12.19","1.08M","-4.68%"
"01/12/2015","13.25","13.81","13.81","13.12","685.09K","-4.19%"
"01/09/2015","13.83","13.98","14.17","13.44","755.99K","-1.78%"
"01/08/2015","14.08","13.31","14.30","13.20","1.30M","6.67%"
"01/07/2015","13.20","13.48","13.54","12.91","945.47K","-0.83%"
"01/06/2015","13.31","14.43","14.60","12.84","1.67M","-6.79%"
"01/05/2015","14.28","15.36","15.44","14.13","1.08M","-7.51%"
"01/02/2015","15.44","15.73","16.00","15.15","523.88K","-1.59%"